{
  "model_name": "Multi-Layer Perceptron",
  "mode": "default_parameters",
  "cv_results": {
    "accuracy": {
      "mean": 0.5773913043478262,
      "std": 0.019080963702166682,
      "scores": [
        0.5456521739130434,
        0.6043478260869565,
        0.5826086956521739,
        0.5717391304347826,
        0.5826086956521739
      ]
    },
    "precision": {
      "mean": NaN,
      "std": NaN,
      "scores": [
        NaN,
        NaN,
        NaN,
        NaN,
        NaN
      ]
    },
    "recall": {
      "mean": NaN,
      "std": NaN,
      "scores": [
        NaN,
        NaN,
        NaN,
        NaN,
        NaN
      ]
    },
    "f1": {
      "mean": NaN,
      "std": NaN,
      "scores": [
        NaN,
        NaN,
        NaN,
        NaN,
        NaN
      ]
    },
    "roc_auc": {
      "mean": NaN,
      "std": NaN,
      "scores": [
        NaN,
        NaN,
        NaN,
        NaN,
        NaN
      ]
    },
    "pr_auc": {
      "mean": 0.39085647129071216,
      "std": 0.033511640389368824,
      "scores": [
        0.3643619709725964,
        0.4535060588403746,
        0.37180369813659747,
        0.3668300420020693,
        0.39778058650192283
      ]
    }
  },
  "test_metrics": {
    "accuracy": 0.577391304347826,
    "precision": 0.541820604413932,
    "recall": 0.577391304347826,
    "f1": 0.5571668808152568,
    "roc_auc": 0.5786307956125621,
    "pr_auc": 0.5687888624039512,
    "classification_report": "              accuracy   precision    recall    f1-score   roc_auc    pr_auc\n\n     Class 0       0.5774      0.6986     0.7766     0.7355     0.5847     0.7316\n     Class 1       0.5774      0.3000     0.2330     0.2623     0.6310     0.3051\n     Class 2       0.5774      0.1343     0.1034     0.1169     0.4898     0.1604\n\n   macro avg       0.5774      0.3776     0.3710     0.3716     0.5684886672127826     0.3990330640207312\nweighted avg       0.5774      0.5418     0.5774     0.5572     0.5786307956125621     0.5687888624039512\n"
  },
  "parameters": {
    "memory": "None",
    "steps": "[('scaler', StandardScaler()), ('classifier', MLPClassifier(max_iter=1000, random_state=42))]",
    "transform_input": "None",
    "verbose": "False",
    "scaler": "StandardScaler()",
    "classifier": "MLPClassifier(max_iter=1000, random_state=42)",
    "scaler__copy": "True",
    "scaler__with_mean": "True",
    "scaler__with_std": "True",
    "classifier__activation": "relu",
    "classifier__alpha": "0.0001",
    "classifier__batch_size": "auto",
    "classifier__beta_1": "0.9",
    "classifier__beta_2": "0.999",
    "classifier__early_stopping": "False",
    "classifier__epsilon": "1e-08",
    "classifier__hidden_layer_sizes": "(100,)",
    "classifier__learning_rate": "constant",
    "classifier__learning_rate_init": "0.001",
    "classifier__max_fun": "15000",
    "classifier__max_iter": "1000",
    "classifier__momentum": "0.9",
    "classifier__n_iter_no_change": "10",
    "classifier__nesterovs_momentum": "True",
    "classifier__power_t": "0.5",
    "classifier__random_state": "42",
    "classifier__shuffle": "True",
    "classifier__solver": "adam",
    "classifier__tol": "0.0001",
    "classifier__validation_fraction": "0.1",
    "classifier__verbose": "False",
    "classifier__warm_start": "False"
  },
  "timestamp": "20251114_110517",
  "test_predictions": {
    "y_true": [
      2,
      0,
      0,
      0,
      1,
      0,
      2,
      0,
      2,
      0,
      0,
      2,
      0,
      0,
      1,
      0,
      0,
      0,
      0,
      0,
      0,
      0,
      0,
      0,
      0,
      1,
      2,
      0,
      0,
      0,
      0,
      0,
      1,
      0,
      2,
      0,
      0,
      0,
      0,
      0,
      2,
      0,
      0,
      0,
      0,
      0,
      1,
      2,
      0,
      0,
      0,
      1,
      0,
      1,
      0,
      0,
      0,
      0,
      1,
      1,
      0,
      2,
      1,
      0,
      2,
      2,
      1,
      0,
      2,
      2,
      0,
      0,
      0,
      0,
      1,
      1,
      0,
      1,
      0,
      2,
      0,
      2,
      0,
      0,
      0,
      2,
      1,
      1,
      0,
      0,
      0,
      0,
      0,
      1,
      0,
      1,
      0,
      0,
      2,
      0,
      2,
      0,
      0,
      0,
      0,
      2,
      2,
      2,
      0,
      0,
      0,
      0,
      0,
      0,
      1,
      0,
      0,
      0,
      0,
      2,
      1,
      0,
      0,
      2,
      2,
      2,
      0,
      0,
      0,
      0,
      0,
      0,
      1,
      2,
      0,
      0,
      0,
      0,
      2,
      0,
      0,
      0,
      0,
      0,
      0,
      0,
      0,
      0,
      0,
      1,
      0,
      0,
      2,
      0,
      0,
      2,
      0,
      1,
      0,
      0,
      0,
      2,
      0,
      1,
      0,
      0,
      0,
      2,
      0,
      1,
      1,
      1,
      0,
      0,
      0,
      1,
      0,
      2,
      0,
      2,
      0,
      0,
      2,
      0,
      0,
      0,
      0,
      0,
      2,
      1,
      0,
      0,
      0,
      1,
      0,
      2,
      0,
      1,
      2,
      0,
      1,
      0,
      0,
      0,
      1,
      1,
      0,
      0,
      0,
      0,
      1,
      0,
      0,
      0,
      1,
      0,
      0,
      0,
      0,
      1,
      1,
      0,
      0,
      0,
      0,
      1,
      0,
      0,
      1,
      2,
      0,
      1,
      0,
      0,
      0,
      1,
      0,
      0,
      0,
      2,
      0,
      1,
      0,
      0,
      0,
      1,
      0,
      0,
      0,
      0,
      0,
      0,
      1,
      1,
      1,
      0,
      2,
      0,
      1,
      0,
      0,
      0,
      0,
      1,
      0,
      0,
      0,
      0,
      1,
      0,
      0,
      0,
      0,
      0,
      0,
      1,
      0,
      0,
      2,
      0,
      0,
      0,
      1,
      0,
      0,
      0,
      0,
      2,
      0,
      0,
      0,
      0,
      0,
      2,
      2,
      0,
      0,
      0,
      2,
      1,
      0,
      0,
      1,
      2,
      0,
      0,
      1,
      0,
      0,
      0,
      0,
      0,
      0,
      0,
      2,
      0,
      0,
      0,
      0,
      0,
      2,
      1,
      0,
      0,
      1,
      0,
      0,
      2,
      2,
      0,
      0,
      0,
      0,
      1,
      0,
      1,
      1,
      0,
      0,
      0,
      0,
      1,
      0,
      0,
      0,
      0,
      0,
      0,
      2,
      0,
      0,
      2,
      0,
      2,
      0,
      2,
      0,
      0,
      0,
      1,
      2,
      1,
      0,
      0,
      0,
      1,
      0,
      0,
      1,
      0,
      0,
      0,
      0,
      0,
      0,
      0,
      1,
      0,
      1,
      1,
      0,
      1,
      0,
      1,
      1,
      0,
      0,
      2,
      0,
      0,
      1,
      0,
      1,
      1,
      2,
      1,
      0,
      2,
      2,
      0,
      1,
      0,
      2,
      2,
      0,
      0,
      1,
      0,
      0,
      2,
      0,
      0,
      1,
      0,
      0,
      0,
      2,
      0,
      2,
      0,
      0,
      0,
      0,
      2,
      0,
      0,
      0,
      1,
      0,
      0,
      1,
      0,
      0,
      0,
      0,
      0,
      0,
      0,
      0,
      0,
      0,
      0,
      1,
      1,
      0,
      0,
      0,
      0,
      1,
      0,
      0,
      0,
      0,
      1,
      0,
      0,
      2,
      0,
      0,
      0,
      2,
      2,
      0,
      0,
      0,
      1,
      0,
      2,
      0,
      1,
      0,
      1,
      1,
      2,
      1,
      0,
      0,
      0,
      1,
      0,
      0,
      1,
      0,
      0,
      0,
      0,
      2,
      1,
      0,
      0,
      0,
      2,
      0,
      0,
      0,
      2,
      1,
      0,
      0,
      0,
      0,
      0,
      2,
      2,
      2,
      0,
      0,
      2,
      0,
      2,
      0,
      0,
      0,
      0,
      0,
      0,
      2,
      0,
      0,
      0,
      0,
      0,
      0,
      2,
      0,
      0,
      1,
      1,
      1,
      1,
      0,
      0,
      0,
      0,
      0,
      0,
      0,
      0,
      1,
      0,
      1,
      0,
      0,
      2,
      0,
      2,
      0,
      0,
      0,
      1,
      0,
      0,
      0,
      0,
      0,
      0,
      0,
      0,
      0,
      2,
      0,
      2,
      2,
      0,
      2,
      0,
      0,
      0,
      0,
      2,
      0,
      1,
      1,
      1,
      0
    ],
    "y_pred": [
      0,
      0,
      0,
      0,
      0,
      0,
      0,
      0,
      0,
      0,
      0,
      0,
      2,
      0,
      1,
      0,
      0,
      0,
      0,
      1,
      0,
      0,
      0,
      0,
      1,
      0,
      0,
      1,
      0,
      1,
      0,
      0,
      0,
      0,
      0,
      0,
      1,
      0,
      0,
      2,
      0,
      0,
      1,
      1,
      0,
      0,
      0,
      1,
      2,
      0,
      0,
      1,
      0,
      0,
      0,
      0,
      0,
      0,
      2,
      0,
      0,
      0,
      0,
      0,
      0,
      0,
      0,
      0,
      0,
      1,
      0,
      0,
      0,
      0,
      2,
      0,
      0,
      0,
      0,
      0,
      0,
      2,
      0,
      0,
      0,
      0,
      0,
      1,
      0,
      1,
      0,
      1,
      0,
      0,
      1,
      0,
      0,
      0,
      0,
      0,
      1,
      1,
      0,
      0,
      0,
      0,
      2,
      0,
      1,
      2,
      2,
      0,
      2,
      0,
      0,
      0,
      0,
      0,
      0,
      1,
      0,
      1,
      0,
      0,
      2,
      0,
      0,
      2,
      0,
      0,
      0,
      2,
      2,
      0,
      0,
      0,
      0,
      0,
      2,
      0,
      2,
      0,
      0,
      0,
      0,
      0,
      0,
      0,
      0,
      1,
      0,
      0,
      0,
      2,
      0,
      0,
      0,
      1,
      0,
      0,
      1,
      1,
      0,
      1,
      2,
      0,
      0,
      0,
      0,
      1,
      0,
      0,
      2,
      2,
      0,
      0,
      0,
      0,
      0,
      0,
      0,
      0,
      1,
      0,
      2,
      0,
      2,
      0,
      1,
      1,
      0,
      0,
      0,
      0,
      0,
      2,
      0,
      1,
      0,
      0,
      1,
      0,
      0,
      0,
      1,
      0,
      0,
      0,
      0,
      2,
      0,
      0,
      0,
      0,
      0,
      0,
      0,
      0,
      0,
      1,
      0,
      0,
      1,
      0,
      1,
      0,
      1,
      0,
      0,
      0,
      0,
      0,
      0,
      0,
      0,
      0,
      0,
      1,
      0,
      1,
      2,
      0,
      0,
      0,
      1,
      1,
      0,
      0,
      0,
      2,
      0,
      0,
      1,
      0,
      0,
      0,
      2,
      0,
      0,
      0,
      0,
      0,
      0,
      2,
      0,
      1,
      2,
      0,
      0,
      0,
      0,
      0,
      0,
      0,
      0,
      0,
      1,
      1,
      0,
      0,
      0,
      0,
      0,
      0,
      1,
      0,
      0,
      0,
      0,
      0,
      2,
      0,
      0,
      0,
      0,
      0,
      0,
      0,
      0,
      0,
      0,
      0,
      0,
      1,
      0,
      0,
      1,
      0,
      0,
      0,
      0,
      0,
      0,
      2,
      0,
      2,
      0,
      2,
      0,
      0,
      2,
      2,
      0,
      0,
      2,
      0,
      0,
      2,
      0,
      2,
      0,
      0,
      0,
      0,
      1,
      0,
      1,
      0,
      0,
      0,
      0,
      0,
      0,
      0,
      2,
      0,
      0,
      0,
      0,
      0,
      0,
      0,
      0,
      0,
      0,
      0,
      0,
      0,
      0,
      1,
      0,
      0,
      0,
      2,
      0,
      2,
      0,
      0,
      0,
      0,
      0,
      0,
      2,
      0,
      0,
      0,
      0,
      2,
      0,
      0,
      0,
      0,
      0,
      0,
      0,
      0,
      0,
      0,
      0,
      0,
      2,
      0,
      0,
      0,
      1,
      2,
      0,
      0,
      0,
      0,
      0,
      0,
      0,
      1,
      0,
      0,
      2,
      0,
      0,
      0,
      0,
      0,
      2,
      0,
      0,
      0,
      0,
      0,
      0,
      2,
      0,
      0,
      0,
      0,
      0,
      1,
      0,
      0,
      1,
      0,
      0,
      1,
      0,
      0,
      2,
      2,
      0,
      1,
      0,
      0,
      0,
      0,
      0,
      1,
      2,
      0,
      0,
      0,
      2,
      0,
      0,
      0,
      0,
      1,
      0,
      1,
      0,
      0,
      0,
      0,
      0,
      1,
      0,
      2,
      1,
      0,
      0,
      0,
      0,
      0,
      0,
      0,
      0,
      0,
      1,
      0,
      0,
      0,
      0,
      1,
      1,
      1,
      0,
      2,
      1,
      0,
      0,
      1,
      0,
      0,
      2,
      1,
      0,
      0,
      0,
      0,
      0,
      1,
      0,
      1,
      2,
      0,
      0,
      0,
      1,
      0,
      0,
      0,
      2,
      0,
      0,
      0,
      0,
      2,
      0,
      0,
      1,
      0,
      1,
      1,
      0,
      0,
      0,
      0,
      0,
      2,
      0,
      0,
      1,
      0,
      2,
      1,
      0,
      0,
      0,
      2,
      0,
      0,
      0,
      0,
      0,
      2,
      1,
      0,
      0,
      2,
      0,
      2,
      0,
      0,
      0,
      0,
      0,
      0,
      0,
      0,
      2,
      1,
      2,
      0,
      0,
      0,
      0,
      0,
      0,
      1,
      0,
      0,
      0,
      0,
      0,
      2,
      0,
      1,
      0
    ],
    "y_pred_proba": [
      [
        0.9976459164602813,
        0.0018648385103968283,
        0.0004892450293217354
      ],
      [
        0.9640044240410762,
        0.000486785225878655,
        0.035508790733044936
      ],
      [
        0.999924057375713,
        7.379856070144373e-05,
        2.1440635856289104e-06
      ],
      [
        0.9888980781624798,
        0.005242316358781561,
        0.005859605478738814
      ],
      [
        0.7521373737021627,
        0.09334355752118186,
        0.15451906877665547
      ],
      [
        0.9999936972008658,
        4.6968664336875514e-06,
        1.6059327006164445e-06
      ],
      [
        0.860917883438711,
        7.946447721397125e-06,
        0.13907417011356746
      ],
      [
        0.9969391559905888,
        0.0030608436023002797,
        4.071110364614292e-10
      ],
      [
        0.9925905655164925,
        0.0062445642646046465,
        0.0011648702189027487
      ],
      [
        0.9999999999968432,
        2.7128094456909057e-12,
        4.4412448647238056e-13
      ],
      [
        0.5745903824404958,
        0.00016185467135698553,
        0.4252477628881473
      ],
      [
        0.9967777470532833,
        0.0010015428257021005,
        0.0022207101210147636
      ],
      [
        0.4657558319115804,
        2.8157608690464246e-07,
        0.5342438865123328
      ],
      [
        0.9551294664781746,
        0.03676222061090152,
        0.008108312910923735
      ],
      [
        0.002680312471501995,
        0.9963178157363939,
        0.0010018717921042657
      ],
      [
        0.9996990309916742,
        0.00028536242958561117,
        1.560657874036025e-05
      ],
      [
        0.9997869357854304,
        6.5916024853873915e-06,
        0.00020647261208419032
      ],
      [
        0.9999624575746372,
        5.361796358940526e-06,
        3.218062900382754e-05
      ],
      [
        0.999997463151635,
        1.5589606025539446e-06,
        9.77887762407383e-07
      ],
      [
        0.03607879274457433,
        0.9635808389507993,
        0.000340368304626523
      ],
      [
        0.5781223726569967,
        0.26120376832445086,
        0.16067385901855244
      ],
      [
        0.7775665272181612,
        0.22236503005783018,
        6.844272400866208e-05
      ],
      [
        0.9880148669873653,
        0.006180025689751163,
        0.005805107322883617
      ],
      [
        0.9999752899967003,
        1.947219107469166e-05,
        5.237812225066848e-06
      ],
      [
        2.3270383155090635e-05,
        0.999957009067834,
        1.9720549010989588e-05
      ],
      [
        0.999973273045773,
        3.5802474664984925e-06,
        2.3146706760539255e-05
      ],
      [
        0.9368176150354655,
        0.022543610601746446,
        0.04063877436278805
      ],
      [
        0.06374228815294297,
        0.9362562714294327,
        1.4404176243776088e-06
      ],
      [
        0.9999713484932934,
        2.864523440776526e-05,
        6.2722988705197065e-09
      ],
      [
        0.3861524411852269,
        0.5829478074873439,
        0.030899751327429257
      ],
      [
        0.9990181494278936,
        9.313176223647275e-05,
        0.0008887188098699574
      ],
      [
        0.5492980143203777,
        0.0007559298907374967,
        0.44994605578888486
      ],
      [
        0.999270502154285,
        0.0002930360268928893,
        0.0004364618188222488
      ],
      [
        0.7329376870943,
        0.26705635863657545,
        5.954269124521608e-06
      ],
      [
        0.8051862051301527,
        0.13200023881652093,
        0.06281355605332639
      ],
      [
        0.9947431524790877,
        0.004887705670531443,
        0.0003691418503808298
      ],
      [
        0.4541520708123431,
        0.5458478748399105,
        5.4347746485236995e-08
      ],
      [
        0.9988948370669188,
        0.0004199056341356788,
        0.0006852572989454505
      ],
      [
        0.9947462488348525,
        0.0022800715934941395,
        0.0029736795716532884
      ],
      [
        0.0028481637900864953,
        2.092215478678415e-07,
        0.9971516269883657
      ],
      [
        0.9854231293480004,
        0.012098168005446872,
        0.002478702646552704
      ],
      [
        0.9959546148506049,
        0.003910735277767345,
        0.00013464987162781404
      ],
      [
        0.10213691289447657,
        0.8969194124489078,
        0.0009436746566155764
      ],
      [
        0.12061466057173555,
        0.8792922425463344,
        9.309688193006226e-05
      ],
      [
        0.9993952645120017,
        0.0006029509608685148,
        1.7845271298274985e-06
      ],
      [
        0.9947730276186937,
        4.372911282867011e-05,
        0.005183243268477527
      ],
      [
        0.5781223726569967,
        0.26120376832445086,
        0.16067385901855244
      ],
      [
        0.002586135057465506,
        0.9965634737047667,
        0.0008503912377678458
      ],
      [
        0.003612709216137124,
        0.0006164325018922814,
        0.9957708582819706
      ],
      [
        0.7164699051368268,
        8.22227199294127e-06,
        0.2835218725911803
      ],
      [
        0.8085421167252763,
        0.0005617433320467333,
        0.19089613994267696
      ],
      [
        0.17664913289454437,
        0.8210340144293473,
        0.002316852676108309
      ],
      [
        0.9995263731937463,
        0.00047294377792956574,
        6.83028324103187e-07
      ],
      [
        0.6033888123067738,
        0.21391641338571465,
        0.18269477430751158
      ],
      [
        0.814338708523938,
        0.1829517455983776,
        0.0027095458776843994
      ],
      [
        0.9401376837623346,
        0.025839988586695572,
        0.03402232765096955
      ],
      [
        0.9999763497322796,
        2.3544796040654025e-05,
        1.0547167969090955e-07
      ],
      [
        0.4741012739759462,
        0.23170959951862047,
        0.29418912650543344
      ],
      [
        0.43293137798359543,
        0.0006173226862098692,
        0.5664512993301947
      ],
      [
        0.5781223726569967,
        0.26120376832445086,
        0.16067385901855244
      ],
      [
        0.9922807988655831,
        0.0017264345096362746,
        0.005992766624780598
      ],
      [
        0.9999996656850724,
        1.453274748142346e-07,
        1.8898745292974743e-07
      ],
      [
        0.9991329018052777,
        0.0008322286751952623,
        3.486951952703166e-05
      ],
      [
        0.9999998060178984,
        1.9104155717668822e-07,
        2.9405443303766074e-09
      ],
      [
        0.9843720830716232,
        0.00393643509891976,
        0.011691481829456968
      ],
      [
        0.9994223347742535,
        0.0005773431956588069,
        3.220300877108083e-07
      ],
      [
        0.9898632425395884,
        0.00969834118054163,
        0.00043841627987017615
      ],
      [
        0.9784941243922529,
        0.021505794639015273,
        8.096873195644239e-08
      ],
      [
        0.9999997330259176,
        2.655777581903504e-07,
        1.3963241943111304e-09
      ],
      [
        0.47794052010460153,
        0.5220594711488825,
        8.746515930839424e-09
      ],
      [
        0.9993976990498307,
        2.9316610829479013e-05,
        0.0005729843393398445
      ],
      [
        0.8598691891448645,
        5.4879222139045644e-05,
        0.14007593163299636
      ],
      [
        0.9268873898957872,
        0.07278716502838607,
        0.0003254450758267926
      ],
      [
        0.9999999824946079,
        5.094467640791914e-09,
        1.241092452520021e-08
      ],
      [
        0.05989467962466044,
        0.027788136194684416,
        0.9123171841806551
      ],
      [
        0.9839126783696018,
        0.003795233534582773,
        0.012292088095815456
      ],
      [
        0.9602272120296583,
        0.03641359238477727,
        0.0033591955855642197
      ],
      [
        0.5784287252549081,
        0.4215702545955819,
        1.0201495100360546e-06
      ],
      [
        0.9716951350672174,
        0.02823855182206217,
        6.631311072044109e-05
      ],
      [
        0.5159905185672945,
        0.48372096397453535,
        0.00028851745817014875
      ],
      [
        0.9885458376025347,
        0.0002330181086810451,
        0.011221144288784271
      ],
      [
        0.17859583605085258,
        0.03212925677711131,
        0.7892749071720361
      ],
      [
        0.9997834613361875,
        0.00021653866246284053,
        1.3497853421395545e-12
      ],
      [
        0.8715303626577081,
        0.12846450839421916,
        5.128948072659058e-06
      ],
      [
        0.9999685170536428,
        3.148133676509101e-05,
        1.6095921149865544e-09
      ],
      [
        0.9115134247265585,
        0.005710362339343124,
        0.0827762129340983
      ],
      [
        0.9960046247275414,
        0.000645279627942152,
        0.0033500956445164593
      ],
      [
        0.005858393216547538,
        0.8707500641844905,
        0.123391542598962
      ],
      [
        0.8856184998344288,
        0.10027704353382963,
        0.014104456631741745
      ],
      [
        0.3745303467227466,
        0.6222009540645235,
        0.0032686992127298644
      ],
      [
        0.9999925387460405,
        1.1138314200094623e-06,
        6.34742253942073e-06
      ],
      [
        0.009210403117510382,
        0.9906493494631268,
        0.00014024741936279327
      ],
      [
        0.9984543915038907,
        0.0015396858646334068,
        5.922631475918841e-06
      ],
      [
        0.9156617331839834,
        0.06669187163117975,
        0.01764639518483689
      ],
      [
        0.00222044975597383,
        0.868678055671947,
        0.12910149457207898
      ],
      [
        0.9999842295922481,
        1.5715371559152672e-05,
        5.503619280817438e-08
      ],
      [
        0.9798920536258982,
        0.01944339463699569,
        0.0006645517371060334
      ],
      [
        0.9910989279791624,
        4.954151367948659e-07,
        0.008900576605700612
      ],
      [
        0.9725074620893461,
        0.021660324391556695,
        0.005832213519097257
      ],
      [
        0.9998477897384616,
        0.00015080281551904225,
        1.4074460192409985e-06
      ],
      [
        0.001365992757580889,
        0.9982187761780622,
        0.0004152310643569999
      ],
      [
        0.12002380962892603,
        0.7066630025948528,
        0.1733131877762211
      ],
      [
        0.9999970331061903,
        2.6075851092463374e-06,
        3.593087006375988e-07
      ],
      [
        0.9999178548897413,
        6.565457709580387e-07,
        8.148856448782033e-05
      ],
      [
        0.959336675623803,
        0.0028294105936247675,
        0.037833913782572275
      ],
      [
        0.8510027702885976,
        0.0032107877566825037,
        0.14578644195472
      ],
      [
        0.07273256779023336,
        0.0049724220783904476,
        0.9222950101313762
      ],
      [
        0.8288522186233714,
        0.17110940015676482,
        3.8381219863718056e-05
      ],
      [
        0.31608613125855,
        0.683899507432425,
        1.4361309024939952e-05
      ],
      [
        0.18726486453682026,
        0.2577296371212161,
        0.5550054983419637
      ],
      [
        0.22210077393398275,
        0.0001953355639644227,
        0.7777038905020528
      ],
      [
        0.999999998422147,
        1.5778530674607163e-09,
        1.860930933607933e-18
      ],
      [
        0.017906671188094817,
        6.502749618309736e-05,
        0.9820283013157222
      ],
      [
        0.9999986034326687,
        1.1111129019090499e-06,
        2.854544295767481e-07
      ],
      [
        0.9999999599217375,
        3.658753559939166e-08,
        3.4907268778536174e-09
      ],
      [
        0.6350712678299544,
        0.3649287314333052,
        7.367404395823797e-10
      ],
      [
        0.9999975091507427,
        4.224672924677965e-07,
        2.068381964864051e-06
      ],
      [
        0.9978914284714464,
        1.6655093988597167e-05,
        0.002091916434564993
      ],
      [
        0.9996500623523967,
        0.0003470575335540223,
        2.8801140491841447e-06
      ],
      [
        0.07139056167999804,
        0.7878450386073582,
        0.14076439971264373
      ],
      [
        0.9706746396454684,
        0.029310588673495157,
        1.4771681036377535e-05
      ],
      [
        0.42229701698359035,
        0.5762043619210431,
        0.0014986210953666654
      ],
      [
        0.9998216011093437,
        9.009075569514885e-07,
        0.00017749798309932353
      ],
      [
        0.9995993548456465,
        0.0004002627253237878,
        3.824290296526091e-07
      ],
      [
        0.30944661624340664,
        0.08244337257241398,
        0.6081100111841794
      ],
      [
        0.9927742197928802,
        6.770260323576327e-05,
        0.007158077603883968
      ],
      [
        0.7782960080499334,
        4.315393177811333e-05,
        0.22166083801828854
      ],
      [
        0.15315905579085726,
        0.000121563066510677,
        0.846719381142632
      ],
      [
        0.9447930989778653,
        0.045464617442371236,
        0.00974228357976344
      ],
      [
        0.9804177674413513,
        0.01764224475034227,
        0.0019399878083064999
      ],
      [
        0.5781223726569967,
        0.26120376832445086,
        0.16067385901855244
      ],
      [
        0.0032913218528258332,
        6.310830460114227e-06,
        0.996702367316714
      ],
      [
        0.1138657096743252,
        0.055722226222167694,
        0.8304120641035071
      ],
      [
        0.9164077510839376,
        0.07752883197771582,
        0.006063416938346731
      ],
      [
        0.9540703104815133,
        8.273074393460607e-09,
        0.04592968124541221
      ],
      [
        0.999995997993179,
        4.001970430975591e-06,
        3.6390104778062465e-11
      ],
      [
        0.999039291256346,
        0.0007636065106759763,
        0.00019710223297785145
      ],
      [
        0.800677276801207,
        0.07841487229911243,
        0.1209078508996804
      ],
      [
        0.11207642934635345,
        0.09010629424329863,
        0.7978172764103479
      ],
      [
        0.9996731436902452,
        1.821262177436491e-12,
        0.0003268563079334999
      ],
      [
        0.15635500623195214,
        0.210113523423704,
        0.6335314703443439
      ],
      [
        0.986262457761385,
        0.013682753343883414,
        5.478889473149862e-05
      ],
      [
        0.9828173362359046,
        0.016015864084834727,
        0.0011667996792605973
      ],
      [
        0.9999754821645946,
        2.735953119758003e-14,
        2.451783537806222e-05
      ],
      [
        0.5045513018125147,
        0.480287072802486,
        0.015161625384999171
      ],
      [
        0.9246333048035514,
        1.639964387653603e-07,
        0.07536653120000977
      ],
      [
        0.9947989056656205,
        0.0039933418381753625,
        0.0012077524962041896
      ],
      [
        0.5989962807945376,
        0.39420811067551786,
        0.006795608529944548
      ],
      [
        0.9999994479182385,
        5.51711893951206e-09,
        5.465646424556569e-07
      ],
      [
        1.5491977179931186e-06,
        0.9997508903405441,
        0.00024756046173802896
      ],
      [
        0.9992949040520759,
        0.0007050959427686145,
        5.15548134321966e-12
      ],
      [
        0.9917529742798026,
        0.0010063529129363423,
        0.0072406728072611
      ],
      [
        0.9930928358196056,
        7.709312752716258e-06,
        0.006899454867641618
      ],
      [
        0.013190350619388197,
        0.35784756175309085,
        0.6289620876275209
      ],
      [
        0.5988948224808822,
        0.39834061404257165,
        0.002764563476546218
      ],
      [
        0.9189693817124611,
        0.06301538598403371,
        0.018015232303504998
      ],
      [
        0.9958795006706445,
        0.002592397697727719,
        0.001528101631627681
      ],
      [
        5.9384388633059535e-12,
        0.999999999994057,
        4.750653983599506e-15
      ],
      [
        0.9993430790019003,
        0.0006566919427788949,
        2.29055320859971e-07
      ],
      [
        0.9979185444642504,
        5.920057048688932e-07,
        0.0020808635300446545
      ],
      [
        0.005686711261467825,
        0.9943130320851106,
        2.5665342147418115e-07
      ],
      [
        0.3041099868534603,
        0.6958899784311919,
        3.471534780576402e-08
      ],
      [
        0.9885465818698566,
        0.005745687092677474,
        0.005707731037466158
      ],
      [
        0.02094539748896272,
        0.9773500233063401,
        0.001704579204697224
      ],
      [
        1.2394879928988494e-06,
        0.012382296024789848,
        0.9876164644872174
      ],
      [
        0.9998718635940186,
        1.4185119440923594e-11,
        0.00012813639179626052
      ],
      [
        0.9995804287402178,
        0.0001304597532285706,
        0.00028911150655366516
      ],
      [
        0.9968051523641703,
        0.0005486589476315436,
        0.002646188688198238
      ],
      [
        0.9961006736814021,
        0.0029183889409877765,
        0.0009809373776102223
      ],
      [
        1.0622037048274248e-08,
        0.9999999869994383,
        2.3785246380635683e-09
      ],
      [
        0.9936780004503392,
        0.006293664252359009,
        2.8335297301767374e-05
      ],
      [
        0.5781223726569967,
        0.26120376832445086,
        0.16067385901855244
      ],
      [
        0.09459749986684884,
        5.736121700082081e-05,
        0.9053451389161502
      ],
      [
        0.2180711167558697,
        0.18510495992093423,
        0.5968239233231961
      ],
      [
        0.9991982340709347,
        0.0006994313456496186,
        0.00010233458341567162
      ],
      [
        0.7582522814873423,
        0.23796984224564,
        0.003777876267017682
      ],
      [
        0.5781223726569967,
        0.26120376832445086,
        0.16067385901855244
      ],
      [
        0.9964006154928856,
        0.003599384453083975,
        5.40302516606714e-11
      ],
      [
        0.8205682451695084,
        0.001395237567084597,
        0.17803651726340705
      ],
      [
        0.5781223726569967,
        0.26120376832445086,
        0.16067385901855244
      ],
      [
        0.9787859829573841,
        0.008825525600278243,
        0.012388491442337663
      ],
      [
        0.8093308056117386,
        0.19066001128637472,
        9.183101886731147e-06
      ],
      [
        0.013721872111405565,
        0.8634816157650016,
        0.12279651212359281
      ],
      [
        0.9999996137025826,
        1.1034213782978549e-08,
        3.752632037640485e-07
      ],
      [
        5.2161213688850907e-05,
        0.09049975653645405,
        0.9094480822498572
      ],
      [
        0.9992411203959886,
        0.0007489756222175093,
        9.90398179395758e-06
      ],
      [
        2.074023073896746e-05,
        1.12757959458141e-11,
        0.9999792597579853
      ],
      [
        0.41913710412045563,
        0.37084568633942916,
        0.21001720954011519
      ],
      [
        0.0018191109668583537,
        0.9978821456190174,
        0.00029874341412407707
      ],
      [
        0.0009389573774195655,
        0.9990605176231939,
        5.249993866009074e-07
      ],
      [
        0.9999791314797667,
        2.0459717561406678e-05,
        4.0880267190466095e-07
      ],
      [
        0.9999208153253556,
        1.654469133305142e-05,
        6.263998331131458e-05
      ],
      [
        0.9994152780365488,
        0.00013999809934068058,
        0.00044472386411046943
      ],
      [
        0.9999748086415177,
        2.5188853796287576e-05,
        2.5046861671407452e-09
      ],
      [
        0.7203489683578685,
        0.005505936515309264,
        0.2741450951268224
      ],
      [
        1.0470537629265314e-13,
        9.794063076216596e-13,
        0.999999999998916
      ],
      [
        0.8577295903948091,
        0.008328101495571378,
        0.13394230810961943
      ],
      [
        0.3044939158329145,
        0.5764108973168002,
        0.11909518685028525
      ],
      [
        0.9570065531519927,
        0.00019706818795662317,
        0.042796378660050746
      ],
      [
        0.826691872055902,
        7.985386130945939e-08,
        0.17330804809023667
      ],
      [
        0.0549601398183751,
        0.9290697510290064,
        0.015970109152618595
      ],
      [
        0.5926329292006898,
        0.39027387775819944,
        0.017093193041110823
      ],
      [
        0.9253576023221199,
        0.07464220857943987,
        1.8909844019972036e-07
      ],
      [
        0.9068109176994629,
        0.08707661682396409,
        0.006112465476573045
      ],
      [
        0.01936031587212089,
        0.9458849938883835,
        0.03475469023949559
      ],
      [
        0.5827732783882174,
        0.41525324759221544,
        0.0019734740195671415
      ],
      [
        0.5314403529390607,
        0.46726324452785084,
        0.001296402533088528
      ],
      [
        0.999914538233989,
        8.523486358220228e-05,
        2.2690242889673707e-07
      ],
      [
        0.5851376325331572,
        0.02524540217841221,
        0.38961696528843065
      ],
      [
        0.06428733481712808,
        0.1145019059142819,
        0.82121075926859
      ],
      [
        0.9999999876446589,
        1.3106535727687917e-12,
        1.2354030309540166e-08
      ],
      [
        0.880418325356073,
        0.0009085170921344835,
        0.11867315755179259
      ],
      [
        0.996991479952472,
        0.0023360678564894747,
        0.0006724521910385438
      ],
      [
        0.7914977415841249,
        0.18635575070373428,
        0.02214650771214086
      ],
      [
        0.9270284419010564,
        0.002225035749312146,
        0.07074652234963154
      ],
      [
        0.9999999999999367,
        6.321960999458522e-14,
        2.2846117334162992e-24
      ],
      [
        0.5781223726569967,
        0.26120376832445086,
        0.16067385901855244
      ],
      [
        0.9999999999995177,
        2.1187538557537504e-13,
        2.7035381567067066e-13
      ],
      [
        0.999997939571435,
        2.0604282551376207e-06,
        3.096787500928681e-13
      ],
      [
        3.2286132536858095e-11,
        0.9995698087089889,
        0.0004301912587250068
      ],
      [
        0.9724025541794312,
        0.024931437134555187,
        0.002666008686013845
      ],
      [
        0.999999999999996,
        1.0672907002638724e-21,
        4.0329700845032225e-15
      ],
      [
        0.06727621105424217,
        0.71092255406296,
        0.22180123488279788
      ],
      [
        0.9969480395104431,
        0.0018163862149732615,
        0.001235574274583655
      ],
      [
        0.011945247200561766,
        0.9880544453091008,
        3.0749033750751664e-07
      ],
      [
        0.6939516980435532,
        0.13488631611700408,
        0.17116198583944262
      ],
      [
        0.04404610944889044,
        0.9554941224211807,
        0.00045976812992878403
      ],
      [
        0.9982543239696232,
        1.110977501291938e-06,
        0.0017445650528755971
      ],
      [
        0.9596714044685286,
        0.020724835971702146,
        0.019603759559769136
      ],
      [
        0.9955313934910829,
        0.004252615430713652,
        0.00021599107820346672
      ],
      [
        0.7534648661622183,
        0.053302800541758955,
        0.19323233329602285
      ],
      [
        0.9530291446857991,
        0.04639911589059626,
        0.0005717394236045635
      ],
      [
        0.9998922037103666,
        2.3171873622483924e-10,
        0.00010779605791468933
      ],
      [
        0.9845773951819884,
        0.00016596083515926842,
        0.015256643982852447
      ],
      [
        0.9999999575843266,
        3.034867829442833e-08,
        1.2066995043834729e-08
      ],
      [
        0.889272185209512,
        0.0009362275016214101,
        0.10979158728886661
      ],
      [
        0.5781223726569967,
        0.26120376832445086,
        0.16067385901855244
      ],
      [
        0.22673950347980434,
        0.7732582047780056,
        2.291742189893514e-06
      ],
      [
        0.6537592059037897,
        0.00010210756553241294,
        0.3461386865306779
      ],
      [
        0.2447780141696388,
        0.7540633083542896,
        0.0011586774760716353
      ],
      [
        0.04887804375553312,
        0.2744711164723609,
        0.6766508397721059
      ],
      [
        0.999410531769134,
        0.00013684810219070662,
        0.000452620128675169
      ],
      [
        0.5781223726569967,
        0.26120376832445086,
        0.16067385901855244
      ],
      [
        0.7532552239779953,
        0.0020629650630946193,
        0.2446818109589101
      ],
      [
        0.20335696216763596,
        0.7966427285383023,
        3.092940615959586e-07
      ],
      [
        0.08508898659514559,
        0.9142311939916581,
        0.0006798194131963459
      ],
      [
        0.847456885097574,
        0.15186881909928002,
        0.0006742958031460717
      ],
      [
        0.9996177286335896,
        0.0003775511075151261,
        4.720258895396744e-06
      ],
      [
        0.9999901169870152,
        9.882511481588696e-06,
        5.015031490165452e-10
      ],
      [
        0.1510930460422252,
        0.0024590113869369674,
        0.8464479425708379
      ],
      [
        0.6755007279243096,
        0.10097145752016237,
        0.22352781455552792
