{
  "model_name": "Histogram Gradient Boosting",
  "mode": "default_parameters",
  "cv_results": {
    "accuracy": {
      "mean": 0.6565217391304348,
      "std": 0.02071500739055931,
      "scores": [
        0.6739130434782609,
        0.6782608695652174,
        0.6413043478260869,
        0.6239130434782608,
        0.6652173913043479
      ]
    },
    "precision": {
      "mean": NaN,
      "std": NaN,
      "scores": [
        NaN,
        NaN,
        NaN,
        NaN,
        NaN
      ]
    },
    "recall": {
      "mean": NaN,
      "std": NaN,
      "scores": [
        NaN,
        NaN,
        NaN,
        NaN,
        NaN
      ]
    },
    "f1": {
      "mean": NaN,
      "std": NaN,
      "scores": [
        NaN,
        NaN,
        NaN,
        NaN,
        NaN
      ]
    },
    "roc_auc": {
      "mean": NaN,
      "std": NaN,
      "scores": [
        NaN,
        NaN,
        NaN,
        NaN,
        NaN
      ]
    },
    "pr_auc": {
      "mean": 0.3999384196048128,
      "std": 0.027771890006688636,
      "scores": [
        0.3977120711782313,
        0.4392965339455568,
        0.39808457680209924,
        0.353345452123512,
        0.4112534639746645
      ]
    }
  },
  "test_metrics": {
    "accuracy": 0.662608695652174,
    "precision": 0.5749794483010596,
    "recall": 0.662608695652174,
    "f1": 0.5653496310867238,
    "roc_auc": 0.605650022285621,
    "pr_auc": 0.572960586144452,
    "classification_report": "              accuracy   precision    recall    f1-score   roc_auc    pr_auc\n\n     Class 0       0.6626      0.6783     0.9584     0.7944     0.6137     0.7396\n     Class 1       0.6626      0.3929     0.1068     0.1679     0.6507     0.2823\n     Class 2       0.6626      0.3333     0.0115     0.0222     0.5167     0.1798\n\n   macro avg       0.6626      0.4682     0.3589     0.3282     0.5937132251724192     0.40054781190267946\nweighted avg       0.6626      0.5750     0.6626     0.5653     0.605650022285621     0.572960586144452\n"
  },
  "parameters": {
    "memory": "None",
    "steps": "[('scaler', StandardScaler()), ('classifier', HistGradientBoostingClassifier(random_state=42))]",
    "transform_input": "None",
    "verbose": "False",
    "scaler": "StandardScaler()",
    "classifier": "HistGradientBoostingClassifier(random_state=42)",
    "scaler__copy": "True",
    "scaler__with_mean": "True",
    "scaler__with_std": "True",
    "classifier__categorical_features": "from_dtype",
    "classifier__class_weight": "None",
    "classifier__early_stopping": "auto",
    "classifier__interaction_cst": "None",
    "classifier__l2_regularization": "0.0",
    "classifier__learning_rate": "0.1",
    "classifier__loss": "log_loss",
    "classifier__max_bins": "255",
    "classifier__max_depth": "None",
    "classifier__max_features": "1.0",
    "classifier__max_iter": "100",
    "classifier__max_leaf_nodes": "31",
    "classifier__min_samples_leaf": "20",
    "classifier__monotonic_cst": "None",
    "classifier__n_iter_no_change": "10",
    "classifier__random_state": "42",
    "classifier__scoring": "loss",
    "classifier__tol": "1e-07",
    "classifier__validation_fraction": "0.1",
    "classifier__verbose": "0",
    "classifier__warm_start": "False"
  },
  "timestamp": "20251107_221609",
  "test_predictions": {
    "y_true": [
      2,
      0,
      0,
      0,
      1,
      0,
      2,
      0,
      2,
      0,
      0,
      2,
      0,
      0,
      1,
      0,
      0,
      0,
      0,
      0,
      0,
      0,
      0,
      0,
      0,
      1,
      2,
      0,
      0,
      0,
      0,
      0,
      1,
      0,
      2,
      0,
      0,
      0,
      0,
      0,
      2,
      0,
      0,
      0,
      0,
      0,
      1,
      2,
      0,
      0,
      0,
      1,
      0,
      1,
      0,
      0,
      0,
      0,
      1,
      1,
      0,
      2,
      1,
      0,
      2,
      2,
      1,
      0,
      2,
      2,
      0,
      0,
      0,
      0,
      1,
      1,
      0,
      1,
      0,
      2,
      0,
      2,
      0,
      0,
      0,
      2,
      1,
      1,
      0,
      0,
      0,
      0,
      0,
      1,
      0,
      1,
      0,
      0,
      2,
      0,
      2,
      0,
      0,
      0,
      0,
      2,
      2,
      2,
      0,
      0,
      0,
      0,
      0,
      0,
      1,
      0,
      0,
      0,
      0,
      2,
      1,
      0,
      0,
      2,
      2,
      2,
      0,
      0,
      0,
      0,
      0,
      0,
      1,
      2,
      0,
      0,
      0,
      0,
      2,
      0,
      0,
      0,
      0,
      0,
      0,
      0,
      0,
      0,
      0,
      1,
      0,
      0,
      2,
      0,
      0,
      2,
      0,
      1,
      0,
      0,
      0,
      2,
      0,
      1,
      0,
      0,
      0,
      2,
      0,
      1,
      1,
      1,
      0,
      0,
      0,
      1,
      0,
      2,
      0,
      2,
      0,
      0,
      2,
      0,
      0,
      0,
      0,
      0,
      2,
      1,
      0,
      0,
      0,
      1,
      0,
      2,
      0,
      1,
      2,
      0,
      1,
      0,
      0,
      0,
      1,
      1,
      0,
      0,
      0,
      0,
      1,
      0,
      0,
      0,
      1,
      0,
      0,
      0,
      0,
      1,
      1,
      0,
      0,
      0,
      0,
      1,
      0,
      0,
      1,
      2,
      0,
      1,
      0,
      0,
      0,
      1,
      0,
      0,
      0,
      2,
      0,
      1,
      0,
      0,
      0,
      1,
      0,
      0,
      0,
      0,
      0,
      0,
      1,
      1,
      1,
      0,
      2,
      0,
      1,
      0,
      0,
      0,
      0,
      1,
      0,
      0,
      0,
      0,
      1,
      0,
      0,
      0,
      0,
      0,
      0,
      1,
      0,
      0,
      2,
      0,
      0,
      0,
      1,
      0,
      0,
      0,
      0,
      2,
      0,
      0,
      0,
      0,
      0,
      2,
      2,
      0,
      0,
      0,
      2,
      1,
      0,
      0,
      1,
      2,
      0,
      0,
      1,
      0,
      0,
      0,
      0,
      0,
      0,
      0,
      2,
      0,
      0,
      0,
      0,
      0,
      2,
      1,
      0,
      0,
      1,
      0,
      0,
      2,
      2,
      0,
      0,
      0,
      0,
      1,
      0,
      1,
      1,
      0,
      0,
      0,
      0,
      1,
      0,
      0,
      0,
      0,
      0,
      0,
      2,
      0,
      0,
      2,
      0,
      2,
      0,
      2,
      0,
      0,
      0,
      1,
      2,
      1,
      0,
      0,
      0,
      1,
      0,
      0,
      1,
      0,
      0,
      0,
      0,
      0,
      0,
      0,
      1,
      0,
      1,
      1,
      0,
      1,
      0,
      1,
      1,
      0,
      0,
      2,
      0,
      0,
      1,
      0,
      1,
      1,
      2,
      1,
      0,
      2,
      2,
      0,
      1,
      0,
      2,
      2,
      0,
      0,
      1,
      0,
      0,
      2,
      0,
      0,
      1,
      0,
      0,
      0,
      2,
      0,
      2,
      0,
      0,
      0,
      0,
      2,
      0,
      0,
      0,
      1,
      0,
      0,
      1,
      0,
      0,
      0,
      0,
      0,
      0,
      0,
      0,
      0,
      0,
      0,
      1,
      1,
      0,
      0,
      0,
      0,
      1,
      0,
      0,
      0,
      0,
      1,
      0,
      0,
      2,
      0,
      0,
      0,
      2,
      2,
      0,
      0,
      0,
      1,
      0,
      2,
      0,
      1,
      0,
      1,
      1,
      2,
      1,
      0,
      0,
      0,
      1,
      0,
      0,
      1,
      0,
      0,
      0,
      0,
      2,
      1,
      0,
      0,
      0,
      2,
      0,
      0,
      0,
      2,
      1,
      0,
      0,
      0,
      0,
      0,
      2,
      2,
      2,
      0,
      0,
      2,
      0,
      2,
      0,
      0,
      0,
      0,
      0,
      0,
      2,
      0,
      0,
      0,
      0,
      0,
      0,
      2,
      0,
      0,
      1,
      1,
      1,
      1,
      0,
      0,
      0,
      0,
      0,
      0,
      0,
      0,
      1,
      0,
      1,
      0,
      0,
      2,
      0,
      2,
      0,
      0,
      0,
      1,
      0,
      0,
      0,
      0,
      0,
      0,
      0,
      0,
      0,
      2,
      0,
      2,
      2,
      0,
      2,
      0,
      0,
      0,
      0,
      2,
      0,
      1,
      1,
      1,
      0
    ],
    "y_pred": [
      2,
      0,
      0,
      0,
      1,
      0,
      0,
      0,
      0,
      0,
      0,
      0,
      0,
      0,
      0,
      0,
      0,
      0,
      0,
      0,
      0,
      0,
      0,
      0,
      0,
      0,
      0,
      0,
      0,
      0,
      0,
      0,
      0,
      0,
      0,
      0,
      0,
      0,
      0,
      0,
      0,
      0,
      1,
      0,
      0,
      0,
      0,
      0,
      0,
      0,
      0,
      0,
      0,
      0,
      0,
      0,
      0,
      0,
      0,
      0,
      0,
      0,
      0,
      0,
      0,
      0,
      0,
      1,
      0,
      0,
      0,
      0,
      0,
      0,
      0,
      0,
      0,
      0,
      0,
      0,
      0,
      0,
      0,
      0,
      0,
      0,
      0,
      0,
      0,
      0,
      1,
      0,
      0,
      0,
      0,
      0,
      0,
      0,
      0,
      0,
      0,
      0,
      0,
      0,
      0,
      0,
      0,
      0,
      0,
      0,
      0,
      0,
      0,
      0,
      0,
      0,
      0,
      0,
      0,
      0,
      0,
      0,
      0,
      0,
      0,
      0,
      0,
      0,
      0,
      0,
      0,
      0,
      0,
      1,
      0,
      0,
      0,
      0,
      0,
      0,
      0,
      1,
      0,
      0,
      0,
      0,
      0,
      0,
      0,
      0,
      0,
      0,
      0,
      0,
      0,
      0,
      0,
      0,
      0,
      0,
      0,
      0,
      0,
      0,
      0,
      0,
      0,
      0,
      1,
      0,
      1,
      0,
      0,
      0,
      0,
      0,
      0,
      0,
      0,
      0,
      0,
      0,
      0,
      0,
      1,
      0,
      0,
      0,
      0,
      0,
      0,
      0,
      0,
      0,
      0,
      0,
      0,
      0,
      0,
      0,
      0,
      2,
      0,
      0,
      1,
      0,
      0,
      0,
      0,
      0,
      0,
      0,
      0,
      0,
      0,
      0,
      0,
      0,
      0,
      1,
      1,
      0,
      0,
      0,
      0,
      0,
      0,
      0,
      0,
      0,
      0,
      0,
      0,
      0,
      0,
      0,
      0,
      0,
      0,
      0,
      0,
      0,
      0,
      0,
      0,
      0,
      0,
      0,
      0,
      0,
      0,
      0,
      0,
      0,
      0,
      0,
      0,
      0,
      0,
      0,
      0,
      0,
      0,
      0,
      0,
      0,
      0,
      0,
      0,
      0,
      0,
      0,
      0,
      0,
      0,
      0,
      0,
      0,
      0,
      0,
      0,
      0,
      0,
      0,
      0,
      0,
      1,
      0,
      0,
      0,
      0,
      0,
      0,
      0,
      0,
      0,
      0,
      0,
      0,
      0,
      0,
      0,
      0,
      0,
      0,
      0,
      0,
      0,
      0,
      0,
      0,
      0,
      0,
      0,
      0,
      0,
      0,
      0,
      0,
      0,
      0,
      0,
      0,
      1,
      0,
      0,
      0,
      0,
      0,
      0,
      0,
      0,
      0,
      0,
      0,
      0,
      1,
      0,
      0,
      0,
      0,
      0,
      0,
      0,
      0,
      0,
      0,
      0,
      0,
      0,
      0,
      0,
      0,
      0,
      0,
      0,
      0,
      0,
      0,
      1,
      0,
      0,
      0,
      0,
      0,
      1,
      0,
      0,
      0,
      0,
      0,
      0,
      0,
      0,
      0,
      0,
      0,
      0,
      0,
      0,
      0,
      0,
      0,
      0,
      0,
      0,
      0,
      0,
      0,
      0,
      0,
      0,
      0,
      0,
      0,
      1,
      0,
      0,
      0,
      0,
      0,
      0,
      0,
      0,
      0,
      0,
      0,
      0,
      0,
      0,
      0,
      0,
      1,
      0,
      0,
      0,
      0,
      0,
      0,
      0,
      0,
      0,
      0,
      0,
      0,
      0,
      0,
      0,
      0,
      0,
      0,
      0,
      0,
      0,
      0,
      0,
      0,
      0,
      0,
      0,
      0,
      0,
      0,
      0,
      0,
      0,
      0,
      0,
      0,
      0,
      0,
      0,
      0,
      1,
      0,
      0,
      0,
      0,
      0,
      0,
      0,
      0,
      0,
      0,
      0,
      0,
      0,
      0,
      0,
      0,
      0,
      0,
      0,
      0,
      0,
      0,
      0,
      0,
      0,
      1,
      1,
      0,
      0,
      0,
      0,
      0,
      0,
      0,
      0,
      0,
      0,
      1,
      0,
      0,
      0,
      0,
      0,
      0,
      0,
      0,
      0,
      0,
      0,
      0,
      0,
      0,
      0,
      0,
      0,
      0,
      0,
      0,
      0,
      0,
      0,
      0,
      0,
      0,
      1,
      1,
      0,
      0,
      0,
      0,
      0,
      0,
      0,
      0,
      0,
      0,
      0,
      1,
      0,
      0,
      0,
      0,
      0,
      0,
      0,
      0,
      0,
      0,
      0,
      0,
      0,
      0,
      0,
      0,
      0,
      0,
      0,
      0,
      0,
      0,
      0,
      0,
      0,
      1,
      0,
      0,
      0,
      0,
      0,
      0,
      0,
      1,
      0,
      0,
      0,
      0,
      0,
      2,
      0,
      0,
      0
    ],
    "y_pred_proba": [
      [
        0.47241271559523557,
        0.026677196099242097,
        0.5009100883055224
      ],
      [
        0.9688876009843965,
        0.0030780722903268683,
        0.0280343267252766
      ],
      [
        0.7564823581917949,
        0.2310266932418691,
        0.01249094856633592
      ],
      [
        0.9199268509138409,
        0.05204732123326279,
        0.028025827852896482
      ],
      [
        0.4116167138874342,
        0.5765871822382962,
        0.011796103874269657
      ],
      [
        0.8942047527258598,
        0.021628042500751638,
        0.08416720477338863
      ],
      [
        0.7545558699361139,
        0.003897528229423965,
        0.24154660183446205
      ],
      [
        0.9797275327012842,
        0.008172697714280445,
        0.012099769584435316
      ],
      [
        0.9217598718010592,
        0.06295957617775162,
        0.015280552021188994
      ],
      [
        0.9497891953146433,
        0.04762606212788474,
        0.0025847425574717395
      ],
      [
        0.96588832392786,
        0.003464270620338013,
        0.030647405451802032
      ],
      [
        0.6876799183710424,
        0.047791449675337015,
        0.2645286319536206
      ],
      [
        0.7841961548335539,
        0.001738646589203931,
        0.21406519857724224
      ],
      [
        0.6843620487563774,
        0.3130758519032223,
        0.0025620993404003897
      ],
      [
        0.912628464825563,
        0.015915694049301266,
        0.07145584112513559
      ],
      [
        0.9815208158656203,
        0.012517171710816073,
        0.0059620124235634725
      ],
      [
        0.9225871249654902,
        0.011142244512739288,
        0.0662706305217704
      ],
      [
        0.9720293364775453,
        0.012700906576475312,
        0.015269756945979318
      ],
      [
        0.9451966622868572,
        0.01860649389936276,
        0.03619684381378019
      ],
      [
        0.9493343456083148,
        0.03251483603970989,
        0.018150818351975514
      ],
      [
        0.5859801832861355,
        0.2254337669047259,
        0.18858604980913854
      ],
      [
        0.9090474015344451,
        0.011951226697752492,
        0.07900137176780248
      ],
      [
        0.9595331838025237,
        0.013108079424018341,
        0.02735873677345782
      ],
      [
        0.9993356459024091,
        0.0001430526856041547,
        0.0005213014119868806
      ],
      [
        0.8493385115534322,
        0.05863747329138289,
        0.09202401515518482
      ],
      [
        0.9702536071378952,
        0.005960309909064824,
        0.02378608295304003
      ],
      [
        0.8009609313802201,
        0.06029558024283188,
        0.13874348837694797
      ],
      [
        0.8259959007019821,
        0.0330507337566059,
        0.14095336554141188
      ],
      [
        0.9817879996096781,
        0.009298844288717396,
        0.008913156101604583
      ],
      [
        0.8050115617306904,
        0.11812971132305704,
        0.07685872694625244
      ],
      [
        0.9829891477199921,
        0.002764584989714687,
        0.014246267290293336
      ],
      [
        0.9456709293214288,
        0.002166081167112456,
        0.05216298951145872
      ],
      [
        0.8628437094981019,
        0.12731227221822325,
        0.00984401828367496
      ],
      [
        0.899338798635808,
        0.09060593582248339,
        0.0100552655417087
      ],
      [
        0.958917270247383,
        0.028197317943582528,
        0.01288541180903445
      ],
      [
        0.9881117842535408,
        0.004953066185374745,
        0.0069351495610844955
      ],
      [
        0.9696255370379472,
        0.028290224511357234,
        0.0020842384506955525
      ],
      [
        0.9317574278831441,
        0.016757077928737915,
        0.051485494188118125
      ],
      [
        0.8369814891985754,
        0.12249281998294863,
        0.04052569081847612
      ],
      [
        0.6660382116043616,
        0.03575008324813753,
        0.2982117051475009
      ],
      [
        0.6562812161471792,
        0.3092448643558737,
        0.03447391949694723
      ],
      [
        0.8974104501778533,
        0.09442196275425152,
        0.008167587067895268
      ],
      [
        0.3472889323811632,
        0.5978244693465221,
        0.054886598272314645
      ],
      [
        0.9716982765616305,
        0.015417034614668588,
        0.012884688823700875
      ],
      [
        0.9637240912826688,
        0.019655839497808043,
        0.01662006921952307
      ],
      [
        0.9671118161750414,
        0.002874552751283085,
        0.03001363107367536
      ],
      [
        0.5859801832861355,
        0.2254337669047259,
        0.18858604980913854
      ],
      [
        0.6017044519925397,
        0.3055524831804562,
        0.09274306482700413
      ],
      [
        0.8598992628833089,
        0.09126190066983053,
        0.04883883644686059
      ],
      [
        0.9643256990386901,
        0.0019909439297603536,
        0.03368335703154948
      ],
      [
        0.9837029605460179,
        0.003649476345961788,
        0.012647563108020354
      ],
      [
        0.4655370953528892,
        0.26391903282219215,
        0.27054387182491874
      ],
      [
        0.9787584149982895,
        0.005188731487618683,
        0.016052853514091737
      ],
      [
        0.8176491540710727,
        0.14259417007537153,
        0.03975667585355561
      ],
      [
        0.8137168071136808,
        0.15601590579046595,
        0.030267287095853274
      ],
      [
        0.9019537703441111,
        0.027696297258141194,
        0.07034993239774766
      ],
      [
        0.9431279687254017,
        0.025606821851260723,
        0.031265209423337555
      ],
      [
        0.9080757863716187,
        0.035036709301683976,
        0.056887504326697244
      ],
      [
        0.6746426844372738,
        0.011053904344212145,
        0.3143034112185141
      ],
      [
        0.5859801832861355,
        0.2254337669047259,
        0.18858604980913854
      ],
      [
        0.4499357694601314,
        0.11693454789039213,
        0.4331296826494763
      ],
      [
        0.9925697111063525,
        0.0004960914898666959,
        0.00693419740378082
      ],
      [
        0.7537706908898861,
        0.23638006296366956,
        0.00984924614644438
      ],
      [
        0.9955845334450818,
        0.0003412440392314266,
        0.004074222515686846
      ],
      [
        0.9195931154147655,
        0.020023519654727658,
        0.060383364930506805
      ],
      [
        0.6867029350711589,
        0.051303105888610825,
        0.26199395904023026
      ],
      [
        0.9301187328220027,
        0.053710689345833076,
        0.016170577832164138
      ],
      [
        0.21132806485091593,
        0.7603065010201895,
        0.02836543412889473
      ],
      [
        0.9748663259965065,
        0.009409022294307814,
        0.015724651709185754
      ],
      [
        0.9771447020812372,
        0.006499554567138025,
        0.01635574335162494
      ],
      [
        0.9683743116429242,
        0.004178191885856208,
        0.0274474964712196
      ],
      [
        0.6544309284815634,
        0.10162347072643661,
        0.24394560079200006
      ],
      [
        0.8778033696281692,
        0.06394192477918986,
        0.05825470559264093
      ],
      [
        0.9860090952562913,
        0.003702713698462619,
        0.01028819104524623
      ],
      [
        0.5262123061791203,
        0.02360828475268909,
        0.4501794090681907
      ],
      [
        0.9867232431022417,
        0.0011201201612665423,
        0.012156636736491649
      ],
      [
        0.9362547374843732,
        0.044072824366888,
        0.019672438148738904
      ],
      [
        0.8551117754269316,
        0.06385499119210013,
        0.0810332333809684
      ],
      [
        0.9173898346012136,
        0.0027709487881867577,
        0.07983921661059955
      ],
      [
        0.6269174071361008,
        0.3285999004294509,
        0.04448269243444843
      ],
      [
        0.9128275713449214,
        0.0030207139004037294,
        0.08415171475467476
      ],
      [
        0.5096761967467291,
        0.4557680819628321,
        0.03455572129043882
      ],
      [
        0.9877106485016042,
        0.011330627160934817,
        0.0009587243374610485
      ],
      [
        0.9883115919338551,
        0.004915694278207712,
        0.006772713787937236
      ],
      [
        0.9819393697717017,
        0.01550532115577022,
        0.00255530907252794
      ],
      [
        0.6365444383375545,
        0.25032608321938915,
        0.11312947844305643
      ],
      [
        0.8863542302550026,
        0.020657275912815885,
        0.0929884938321815
      ],
      [
        0.8470815895643449,
        0.12647274111620208,
        0.026445669319453
      ],
      [
        0.8491811802671265,
        0.09832241436972879,
        0.05249640536314466
      ],
      [
        0.904075560077164,
        0.07279628549621787,
        0.02312815442661802
      ],
      [
        0.22033050871431303,
        0.7165798969862588,
        0.06308959429942826
      ],
      [
        0.8524199766647588,
        0.009279686999559276,
        0.13830033633568192
      ],
      [
        0.8172062149595026,
        0.0031237730530290133,
        0.1796700119874685
      ],
      [
        0.8616768957104272,
        0.11323011343409552,
        0.025092990855477372
      ],
      [
        0.7311687625056937,
        0.2563775733343706,
        0.012453664159935648
      ],
      [
        0.9423271012579008,
        0.05178393793222277,
        0.005888960809876504
      ],
      [
        0.8276624820444476,
        0.1362281392169771,
        0.03610937873857527
      ],
      [
        0.9748203712401956,
        0.011053358343537338,
        0.014126270416266943
      ],
      [
        0.6233512841652062,
        0.36065013030066695,
        0.015998585534126832
      ],
      [
        0.960689721390167,
        0.029457637564636364,
        0.009852641045196679
      ],
      [
        0.9687220328595847,
        0.026741033958743114,
        0.004536933181672232
      ],
      [
        0.9689534377728085,
        0.008697576655501364,
        0.022348985571690034
      ],
      [
        0.570776660348763,
        0.3965429107536202,
        0.03268042889761678
      ],
      [
        0.9381987414292619,
        0.013480697922924044,
        0.04832056064781419
      ],
      [
        0.9761982657603605,
        0.00966071914775716,
        0.014141015091882361
      ],
      [
        0.8716826543755805,
        0.009880547969065935,
        0.11843679765535368
      ],
      [
        0.9561233827634834,
        0.00489292148993348,
        0.038983695746583114
      ],
      [
        0.49964842917378893,
        0.4986099130952779,
        0.001741657730933155
      ],
      [
        0.9990639168400266,
        0.0005524792723603551,
        0.0003836038876130941
      ],
      [
        0.9283046018395231,
        0.018868363029118023,
        0.052827035131358786
      ],
      [
        0.7139872081301248,
        0.040425254661597416,
        0.24558753720827778
      ],
      [
        0.9975579250578015,
        0.0020443587158976645,
        0.00039771622630079814
      ],
      [
        0.9292736081432069,
        0.03336447233456595,
        0.0373619195222271
      ],
      [
        0.9134766150438546,
        0.048129229824799835,
        0.03839415513134567
      ],
      [
        0.9144038827635457,
        0.011539386746276248,
        0.07405673049017812
      ],
      [
        0.7751956209657833,
        0.21949006935203044,
        0.0053143096821862065
      ],
      [
        0.9809103333349666,
        0.002925033686613961,
        0.016164632978419424
      ],
      [
        0.9641830231096851,
        0.014676433368168483,
        0.021140543522146366
      ],
      [
        0.9635128477457946,
        0.00580268794400761,
        0.030684464310197956
      ],
      [
        0.5798120701494398,
        0.37808553370308806,
        0.04210239614747218
      ],
      [
        0.676997465342111,
        0.1738895142836229,
        0.14911302037426608
      ],
      [
        0.5479205296882927,
        0.33671392026396546,
        0.11536555004774178
      ],
      [
        0.9139692765023818,
        0.015167032498918185,
        0.0708636909987001
      ],
      [
        0.9985748266676043,
        0.0010862196890629606,
        0.0003389536433327582
      ],
      [
        0.9627415669679238,
        0.02025273468864962,
        0.01700569834342653
      ],
      [
        0.9950801709277313,
        0.0015582229391816413,
        0.003361606133087233
      ],
      [
        0.987820358581604,
        0.0035397738086779184,
        0.008639867609718119
      ],
      [
        0.698829426940787,
        0.171924427185932,
        0.12924614587328098
      ],
      [
        0.6515243380782191,
        0.13477412325241678,
        0.2137015386693643
      ],
      [
        0.8870544233964027,
        0.05590953183694634,
        0.05703604476665091
      ],
      [
        0.5859801832861355,
        0.2254337669047259,
        0.18858604980913854
      ],
      [
        0.9285630751825077,
        0.0021867640307301137,
        0.06925016078676209
      ],
      [
        0.44576832804669625,
        0.36318985026092826,
        0.19104182169237535
      ],
      [
        0.07725014197586122,
        0.9164967800080568,
        0.006253078016082042
      ],
      [
        0.9671480715150029,
        0.0007602516315820948,
        0.03209167685341501
      ],
      [
        0.9912577940689233,
        0.004326715759362987,
        0.004415490171713571
      ],
      [
        0.9746520990269545,
        0.012490715699468958,
        0.012857185273576526
      ],
      [
        0.8744341226804201,
        0.053645475141763745,
        0.0719204021778161
      ],
      [
        0.7231095741891124,
        0.21389816855931074,
        0.06299225725157691
      ],
      [
        0.9624389536414998,
        0.001019993628964532,
        0.03654105272953556
      ],
      [
        0.9314447427047737,
        0.05838832523466232,
        0.010166932060563946
      ],
      [
        0.39848332922557217,
        0.5744856241803769,
        0.027031046594051082
      ],
      [
        0.9758362919320216,
        0.011366316197725256,
        0.012797391870253281
      ],
      [
        0.8996211903300529,
        0.04323904168171988,
        0.05713976798822716
      ],
      [
        0.8163783580859044,
        0.07616099881169823,
        0.10746064310239745
      ],
      [
        0.7831058759726437,
        0.002045212865271322,
        0.21484891116208502
      ],
      [
        0.7920861507389954,
        0.196100652403197,
        0.011813196857807648
      ],
      [
        0.904916288829643,
        0.012721210683174547,
        0.08236250048718251
      ],
      [
        0.9446622122953897,
        0.011771390777582538,
        0.043566396927027864
      ],
      [
        0.8287211047654903,
        0.15068846942425948,
        0.02059042581025018
      ],
      [
        0.8328188596220018,
        0.0835352979513356,
        0.0836458424266626
      ],
      [
        0.9355573700088661,
        0.06099089238219156,
        0.003451737608942248
      ],
      [
        0.8763049230182266,
        0.06962350696888675,
        0.0540715700128867
      ],
      [
        0.8380134528408366,
        0.1537499310237111,
        0.008236616135452275
      ],
      [
        0.9323554670285671,
        0.039422428262718794,
        0.028222104708714314
      ],
      [
        0.9912940277136085,
        0.004880257517771319,
        0.0038257147686203085
      ],
      [
        0.8504149880404419,
        0.06349107422672853,
        0.08609393773282947
      ],
      [
        0.7764515566915572,
        0.18569028862810538,
        0.03785815468033744
      ],
      [
        0.97563491946244,
        0.0186753453504458,
        0.005689735187114348
      ],
      [
        0.985542653978826,
        0.0007169014107556794,
        0.013740444610418203
      ],
      [
        0.9459111801347925,
        0.0384520447644979,
        0.015636775100709734
      ],
      [
        0.9432303234072237,
        0.0026473207052270077,
        0.05412235588754938
      ],
      [
        0.9251004043654419,
        0.025486337945626606,
        0.04941325768893154
      ],
      [
        0.8991209754657177,
        0.08908182689277666,
        0.01179719764150569
      ],
      [
        0.9954883390324223,
        0.003944683300348549,
        0.0005669776672291888
      ],
      [
        0.9816351538980244,
        0.007419830120611006,
        0.010945015981364856
      ],
      [
        0.9967230598893458,
        0.0011096889216442535,
        0.00216725118901001
      ],
      [
        0.7667276379184786,
        0.17544511575316876,
        0.05782724632835252
      ],
      [
        0.3576627166737597,
        0.6080041793807704,
        0.03433310394546987
      ],
      [
        0.5672438718596549,
        0.4103425536929684,
        0.02241357444737678
      ],
      [
        0.38683458842068247,
        0.5453672693496028,
        0.06779814222971485
      ],
      [
        0.5859801832861355,
        0.2254337669047259,
        0.18858604980913854
      ],
      [
        0.7225718057299055,
        0.0012292330975121133,
        0.27619896117258236
      ],
      [
        0.9078456880729018,
        0.05449187060509363,
        0.03766244132200457
      ],
      [
        0.9329569349240588,
        0.009501642767367976,
        0.057541422308573065
      ],
      [
        0.8999958230079611,
        0.003798911316230278,
        0.09620526567580842
      ],
      [
        0.5859801832861355,
        0.2254337669047259,
        0.18858604980913854
      ],
      [
        0.9173124108104573,
        0.07616703536541646,
        0.006520553824126357
      ],
      [
        0.9263663417051401,
        0.02062379736553823,
        0.05300986092932167
      ],
      [
        0.5859801832861355,
        0.2254337669047259,
        0.18858604980913854
      ],
      [
        0.9110211332636627,
        0.05985676604794719,
        0.029122100688390135
      ],
      [
        0.9509489271825854,
        0.040354347392983,
        0.008696725424431671
      ],
      [
        0.6441461773665103,
        0.0314944289425897,
        0.32435939369089994
      ],
      [
        0.8442429960024983,
        0.008586270050813144,
        0.14717073394668848
      ],
      [
        0.08789132696481775,
        0.9081358009058045,
        0.00397287212937797
      ],
      [
        0.9184088655698456,
        0.05769144928235963,
        0.023899685147794815
      ],
      [
        0.5356455550829616,
        0.014293968360673608,
        0.45006047655636483
      ],
      [
        0.8753066485666227,
        0.10894060415417131,
        0.015752747279206007
      ],
      [
        0.5878036306307299,
        0.11458987529304628,
        0.29760649407622375
      ],
      [
        0.749346289887242,
        0.006253941716282895,
        0.2443997683964752
      ],
      [
        0.9576038658385686,
        0.0006511306010325202,
        0.04174500356039895
      ],
      [
        0.9421891093337708,
        0.03691282913639262,
        0.020898061529836677
      ],
      [
        0.8497987346244024,
        0.0030428472710699915,
        0.14715841810452765
      ],
      [
        0.9714680612760018,
        0.01843270068319359,
        0.010099238040804738
      ],
      [
        0.9725861426882629,
        0.010389476155340938,
        0.017024381156396137
      ],
      [
        0.611977633683094,
        0.3560656066355974,
        0.03195675968130864
      ],
      [
        0.8958620772226955,
        0.0037526372701820673,
        0.10038528550712232
      ],
      [
        0.7929803424180986,
        0.1896205668876718,
        0.01739909069422966
      ],
      [
        0.9855764093527776,
        0.00962941015632259,
        0.004794180490899812
      ],
      [
        0.9960546954045406,
        0.0032204580244469382,
        0.000724846571012373
      ],
      [
        0.920556149605315,
        0.059125996979900744,
        0.02031785341478433
      ],
      [
        0.27868647036173455,
        0.2654549444759627,
        0.4558585851623028
      ],
      [
        0.9503179220612799,
        0.011550476085480715,
        0.038131601853239376
      ],
      [
        0.9610735573084278,
        0.006642244643436273,
        0.032284198048135856
      ],
      [
        0.42269244756226537,
        0.5586529495196898,
        0.01865460291804484
      ],
      [
        0.6289369706921271,
        0.308269905916346,
        0.06279312339152694
      ],
      [
        0.8814239035070013,
        0.09066491052053105,
        0.027911185972467684
      ],
      [
        0.758063695435431,
        0.12519710414482663,
        0.11673920041974249
      ],
      [
        0.8847443146048242,
        0.09516481483316978,
        0.020090870562006095
      ],
      [
        0.7545536905972031,
        0.09003963532609642,
        0.15540667407670047
      ],
      [
        0.9987175535003564,
        0.0009377415384998118,
        0.0003447049611436685
      ],
      [
        0.5592611180798467,
        0.05952203579268546,
        0.3812168461274678
      ],
      [
        0.9182322423170757,
        0.05515730937563652,
        0.02661044830728777
      ],
      [
        0.8444216096825163,
        0.14556767868524564,
        0.010010711632237946
      ],
      [
        0.6258353103528703,
        0.16077500164510716,
        0.21338968800202252
      ],
      [
        0.7142507225888044,
        0.19479833047441672,
        0.09095094693677878
      ],
      [
        0.5859801832861355,
        0.2254337669047259,
        0.18858604980913854
      ],
      [
        0.9823360907914838,
        0.0010361733298524486,
        0.016627735878663952
      ],
      [
        0.6793774809901181,
        0.11285645540137425,
        0.20776606360850775
      ],
      [
        0.025844068989125578,
        0.8759801613945603,
        0.09817576961631413
      ],
      [
        0.21887912853960828,
        0.659064078895199,
        0.1220567925651927
      ],
      [
        0.9852395439285708,
        0.013694329360342842,
        0.001066126711086398
      ],
      [
        0.8866909694299134,
        0.07050517102176143,
        0.04280385954832505
      ],
      [
        0.997919327757254,
        0.0015152398786885068,
        0.0005654323640575583
      ],
      [
        0.6782077940773259,
        0.30604538196378667,
        0.015746823958887567
      ],
      [
        0.8999960346333334,
        0.023367628582158392,
        0.07663633678450801
      ],
      [
        0.8026177199666167,
        0.10827406379636667,
        0.08910821623701652
      ],
      [
        0.9337364789713691,
        0.03416525539137226,
        0.032098265637258566
      ],
      [
        0.9429167739649644,
        0.03781310880487995,
        0.019270117230155537
      ],
      [
        0.9351266059729006,
        0.039949969065605606,
        0.024923424961493693
      ],
      [
        0.7334388893461854,
        0.22949664545927945,
        0.037064465194535184
      ],
      [
        0.863756330874835,
        0.08862840099134452,
        0.04761526813382027
      ],
      [
        0.933665409697251,
        0.005569853652833448,
        0.060764736649915684
      ],
      [
        0.9833291285827922,
        0.005426750280573959,
        0.01124412113663387
      ],
      [
        0.9649711149966991,
        0.011633587924102764,
        0.023395297079198032
      ],
      [
        0.9734355633282483,
        0.002916532482283788,
        0.02364790418946772
      ],
      [
        0.5859801832861355,
        0.2254337669047259,
        0.18858604980913854
      ],
      [
        0.7117328926935934,
        0.05615241145006202,
        0.2321146958563446
      ],
      [
        0.8794027687046462,
        0.09497837739869108,
        0.02561885389666277
      ],
      [
        0.9399374083658439,
        0.04667925527574125,
        0.013383336358414955
      ],
      [
        0.9211474448240938,
        0.033191180022413176,
        0.04566137515349306
      ],
      [
        0.7152296624312287,
        0.21717541194157666,
        0.06759492562719473
      ],
      [
        0.5859801832861355,
        0.2254337669047259,
        0.18858604980913854
      ],
      [
        0.8961641953415846,
        0.014180301086372206,
        0.08965550357204306
      ],
      [
        0.9917634155923692,
        0.001960774217656457,
        0.006275810189974228
      ],
      [
        0.9976406436414574,
        0.0013293108439559442,
        0.001030045514586573
      ],
      [
        0.8448900207797233,
        0.10722659185440211,
        0.04788338736587447
      ],
      [
        0.656073967372956,
        0.17526584534459508,
        0.16866018728244894
      ],
      [
        0.9683699344955737,
        0.019184508608691767,
        0.012445556895734558
      ],
      [
        0.9719710965984667,
        0.005934833988165725,
        0.022094069413367622
      ],
      [
        0.874767921491683,
        0.06637942845946822,
        0.05885265004884879
      ],
      [
        0.4767159781849291,
        0.23045941422319788,
        0.29282460759187307
      ],
      [
        0.5695185632968929,
        0.41099231464203567,
        0.019489122061071423
      ],
      [
        0.98008050416761,
        0.006135664257105145,
        0.013783831575284893
      ],
      [
        0.9707975170037288,
        0.021189760471329592,
        0.008012722524941616
      ],
      [
        0.9205172482569726,
        0.009831911556092034,
