{
  "model_name": "Support Vector Classifier",
  "mode": "default_parameters",
  "cv_results": {
    "accuracy": {
      "mean": 0.6708695652173914,
      "std": 0.0017391304347825986,
      "scores": [
        0.6739130434782609,
        0.6695652173913044,
        0.6717391304347826,
        0.6695652173913044,
        0.6695652173913044
      ]
    },
    "precision": {
      "mean": NaN,
      "std": NaN,
      "scores": [
        NaN,
        NaN,
        NaN,
        NaN,
        NaN
      ]
    },
    "recall": {
      "mean": NaN,
      "std": NaN,
      "scores": [
        NaN,
        NaN,
        NaN,
        NaN,
        NaN
      ]
    },
    "f1": {
      "mean": NaN,
      "std": NaN,
      "scores": [
        NaN,
        NaN,
        NaN,
        NaN,
        NaN
      ]
    },
    "roc_auc": {
      "mean": NaN,
      "std": NaN,
      "scores": [
        NaN,
        NaN,
        NaN,
        NaN,
        NaN
      ]
    },
    "pr_auc": {
      "mean": 0.37479445579323334,
      "std": 0.018972781176701408,
      "scores": [
        0.3831464410094407,
        0.40264996704398204,
        0.3743440311575394,
        0.3443727944999864,
        0.369459045255218
      ]
    }
  },
  "test_metrics": {
    "accuracy": 0.6695652173913044,
    "precision": 0.4483175803402647,
    "recall": 0.6695652173913044,
    "f1": 0.5370471014492755,
    "roc_auc": 0.5714892459957412,
    "pr_auc": 0.5596733661361404,
    "classification_report": "              accuracy   precision    recall    f1-score   roc_auc    pr_auc\n\n     Class 0       0.6696      0.6696     1.0000     0.8021     0.5735     0.7068\n     Class 1       0.6696      0.0000     0.0000     0.0000     0.5953     0.3395\n     Class 2       0.6696      0.0000     0.0000     0.0000     0.5344     0.1694\n\n   macro avg       0.6696      0.2232     0.3333     0.2674     0.567742106108179     0.4052234439607727\nweighted avg       0.6696      0.4483     0.6696     0.5370     0.5714892459957412     0.5596733661361404\n"
  },
  "parameters": {
    "memory": "None",
    "steps": "[('scaler', StandardScaler()), ('classifier', SVC(probability=True, random_state=42))]",
    "transform_input": "None",
    "verbose": "False",
    "scaler": "StandardScaler()",
    "classifier": "SVC(probability=True, random_state=42)",
    "scaler__copy": "True",
    "scaler__with_mean": "True",
    "scaler__with_std": "True",
    "classifier__C": "1.0",
    "classifier__break_ties": "False",
    "classifier__cache_size": "200",
    "classifier__class_weight": "None",
    "classifier__coef0": "0.0",
    "classifier__decision_function_shape": "ovr",
    "classifier__degree": "3",
    "classifier__gamma": "scale",
    "classifier__kernel": "rbf",
    "classifier__max_iter": "-1",
    "classifier__probability": "True",
    "classifier__random_state": "42",
    "classifier__shrinking": "True",
    "classifier__tol": "0.001",
    "classifier__verbose": "False"
  },
  "timestamp": "20251107_221704",
  "test_predictions": {
    "y_true": [
      2,
      0,
      0,
      0,
      1,
      0,
      2,
      0,
      2,
      0,
      0,
      2,
      0,
      0,
      1,
      0,
      0,
      0,
      0,
      0,
      0,
      0,
      0,
      0,
      0,
      1,
      2,
      0,
      0,
      0,
      0,
      0,
      1,
      0,
      2,
      0,
      0,
      0,
      0,
      0,
      2,
      0,
      0,
      0,
      0,
      0,
      1,
      2,
      0,
      0,
      0,
      1,
      0,
      1,
      0,
      0,
      0,
      0,
      1,
      1,
      0,
      2,
      1,
      0,
      2,
      2,
      1,
      0,
      2,
      2,
      0,
      0,
      0,
      0,
      1,
      1,
      0,
      1,
      0,
      2,
      0,
      2,
      0,
      0,
      0,
      2,
      1,
      1,
      0,
      0,
      0,
      0,
      0,
      1,
      0,
      1,
      0,
      0,
      2,
      0,
      2,
      0,
      0,
      0,
      0,
      2,
      2,
      2,
      0,
      0,
      0,
      0,
      0,
      0,
      1,
      0,
      0,
      0,
      0,
      2,
      1,
      0,
      0,
      2,
      2,
      2,
      0,
      0,
      0,
      0,
      0,
      0,
      1,
      2,
      0,
      0,
      0,
      0,
      2,
      0,
      0,
      0,
      0,
      0,
      0,
      0,
      0,
      0,
      0,
      1,
      0,
      0,
      2,
      0,
      0,
      2,
      0,
      1,
      0,
      0,
      0,
      2,
      0,
      1,
      0,
      0,
      0,
      2,
      0,
      1,
      1,
      1,
      0,
      0,
      0,
      1,
      0,
      2,
      0,
      2,
      0,
      0,
      2,
      0,
      0,
      0,
      0,
      0,
      2,
      1,
      0,
      0,
      0,
      1,
      0,
      2,
      0,
      1,
      2,
      0,
      1,
      0,
      0,
      0,
      1,
      1,
      0,
      0,
      0,
      0,
      1,
      0,
      0,
      0,
      1,
      0,
      0,
      0,
      0,
      1,
      1,
      0,
      0,
      0,
      0,
      1,
      0,
      0,
      1,
      2,
      0,
      1,
      0,
      0,
      0,
      1,
      0,
      0,
      0,
      2,
      0,
      1,
      0,
      0,
      0,
      1,
      0,
      0,
      0,
      0,
      0,
      0,
      1,
      1,
      1,
      0,
      2,
      0,
      1,
      0,
      0,
      0,
      0,
      1,
      0,
      0,
      0,
      0,
      1,
      0,
      0,
      0,
      0,
      0,
      0,
      1,
      0,
      0,
      2,
      0,
      0,
      0,
      1,
      0,
      0,
      0,
      0,
      2,
      0,
      0,
      0,
      0,
      0,
      2,
      2,
      0,
      0,
      0,
      2,
      1,
      0,
      0,
      1,
      2,
      0,
      0,
      1,
      0,
      0,
      0,
      0,
      0,
      0,
      0,
      2,
      0,
      0,
      0,
      0,
      0,
      2,
      1,
      0,
      0,
      1,
      0,
      0,
      2,
      2,
      0,
      0,
      0,
      0,
      1,
      0,
      1,
      1,
      0,
      0,
      0,
      0,
      1,
      0,
      0,
      0,
      0,
      0,
      0,
      2,
      0,
      0,
      2,
      0,
      2,
      0,
      2,
      0,
      0,
      0,
      1,
      2,
      1,
      0,
      0,
      0,
      1,
      0,
      0,
      1,
      0,
      0,
      0,
      0,
      0,
      0,
      0,
      1,
      0,
      1,
      1,
      0,
      1,
      0,
      1,
      1,
      0,
      0,
      2,
      0,
      0,
      1,
      0,
      1,
      1,
      2,
      1,
      0,
      2,
      2,
      0,
      1,
      0,
      2,
      2,
      0,
      0,
      1,
      0,
      0,
      2,
      0,
      0,
      1,
      0,
      0,
      0,
      2,
      0,
      2,
      0,
      0,
      0,
      0,
      2,
      0,
      0,
      0,
      1,
      0,
      0,
      1,
      0,
      0,
      0,
      0,
      0,
      0,
      0,
      0,
      0,
      0,
      0,
      1,
      1,
      0,
      0,
      0,
      0,
      1,
      0,
      0,
      0,
      0,
      1,
      0,
      0,
      2,
      0,
      0,
      0,
      2,
      2,
      0,
      0,
      0,
      1,
      0,
      2,
      0,
      1,
      0,
      1,
      1,
      2,
      1,
      0,
      0,
      0,
      1,
      0,
      0,
      1,
      0,
      0,
      0,
      0,
      2,
      1,
      0,
      0,
      0,
      2,
      0,
      0,
      0,
      2,
      1,
      0,
      0,
      0,
      0,
      0,
      2,
      2,
      2,
      0,
      0,
      2,
      0,
      2,
      0,
      0,
      0,
      0,
      0,
      0,
      2,
      0,
      0,
      0,
      0,
      0,
      0,
      2,
      0,
      0,
      1,
      1,
      1,
      1,
      0,
      0,
      0,
      0,
      0,
      0,
      0,
      0,
      1,
      0,
      1,
      0,
      0,
      2,
      0,
      2,
      0,
      0,
      0,
      1,
      0,
      0,
      0,
      0,
      0,
      0,
      0,
      0,
      0,
      2,
      0,
      2,
      2,
      0,
      2,
      0,
      0,
      0,
      0,
      2,
      0,
      1,
      1,
      1,
      0
    ],
    "y_pred": [
      0,
      0,
      0,
      0,
      0,
      0,
      0,
      0,
      0,
      0,
      0,
      0,
      0,
      0,
      0,
      0,
      0,
      0,
      0,
      0,
      0,
      0,
      0,
      0,
      0,
      0,
      0,
      0,
      0,
      0,
      0,
      0,
      0,
      0,
      0,
      0,
      0,
      0,
      0,
      0,
      0,
      0,
      0,
      0,
      0,
      0,
      0,
      0,
      0,
      0,
      0,
      0,
      0,
      0,
      0,
      0,
      0,
      0,
      0,
      0,
      0,
      0,
      0,
      0,
      0,
      0,
      0,
      0,
      0,
      0,
      0,
      0,
      0,
      0,
      0,
      0,
      0,
      0,
      0,
      0,
      0,
      0,
      0,
      0,
      0,
      0,
      0,
      0,
      0,
      0,
      0,
      0,
      0,
      0,
      0,
      0,
      0,
      0,
      0,
      0,
      0,
      0,
      0,
      0,
      0,
      0,
      0,
      0,
      0,
      0,
      0,
      0,
      0,
      0,
      0,
      0,
      0,
      0,
      0,
      0,
      0,
      0,
      0,
      0,
      0,
      0,
      0,
      0,
      0,
      0,
      0,
      0,
      0,
      0,
      0,
      0,
      0,
      0,
      0,
      0,
      0,
      0,
      0,
      0,
      0,
      0,
      0,
      0,
      0,
      0,
      0,
      0,
      0,
      0,
      0,
      0,
      0,
      0,
      0,
      0,
      0,
      0,
      0,
      0,
      0,
      0,
      0,
      0,
      0,
      0,
      0,
      0,
      0,
      0,
      0,
      0,
      0,
      0,
      0,
      0,
      0,
      0,
      0,
      0,
      0,
      0,
      0,
      0,
      0,
      0,
      0,
      0,
      0,
      0,
      0,
      0,
      0,
      0,
      0,
      0,
      0,
      0,
      0,
      0,
      0,
      0,
      0,
      0,
      0,
      0,
      0,
      0,
      0,
      0,
      0,
      0,
      0,
      0,
      0,
      0,
      0,
      0,
      0,
      0,
      0,
      0,
      0,
      0,
      0,
      0,
      0,
      0,
      0,
      0,
      0,
      0,
      0,
      0,
      0,
      0,
      0,
      0,
      0,
      0,
      0,
      0,
      0,
      0,
      0,
      0,
      0,
      0,
      0,
      0,
      0,
      0,
      0,
      0,
      0,
      0,
      0,
      0,
      0,
      0,
      0,
      0,
      0,
      0,
      0,
      0,
      0,
      0,
      0,
      0,
      0,
      0,
      0,
      0,
      0,
      0,
      0,
      0,
      0,
      0,
      0,
      0,
      0,
      0,
      0,
      0,
      0,
      0,
      0,
      0,
      0,
      0,
      0,
      0,
      0,
      0,
      0,
      0,
      0,
      0,
      0,
      0,
      0,
      0,
      0,
      0,
      0,
      0,
      0,
      0,
      0,
      0,
      0,
      0,
      0,
      0,
      0,
      0,
      0,
      0,
      0,
      0,
      0,
      0,
      0,
      0,
      0,
      0,
      0,
      0,
      0,
      0,
      0,
      0,
      0,
      0,
      0,
      0,
      0,
      0,
      0,
      0,
      0,
      0,
      0,
      0,
      0,
      0,
      0,
      0,
      0,
      0,
      0,
      0,
      0,
      0,
      0,
      0,
      0,
      0,
      0,
      0,
      0,
      0,
      0,
      0,
      0,
      0,
      0,
      0,
      0,
      0,
      0,
      0,
      0,
      0,
      0,
      0,
      0,
      0,
      0,
      0,
      0,
      0,
      0,
      0,
      0,
      0,
      0,
      0,
      0,
      0,
      0,
      0,
      0,
      0,
      0,
      0,
      0,
      0,
      0,
      0,
      0,
      0,
      0,
      0,
      0,
      0,
      0,
      0,
      0,
      0,
      0,
      0,
      0,
      0,
      0,
      0,
      0,
      0,
      0,
      0,
      0,
      0,
      0,
      0,
      0,
      0,
      0,
      0,
      0,
      0,
      0,
      0,
      0,
      0,
      0,
      0,
      0,
      0,
      0,
      0,
      0,
      0,
      0,
      0,
      0,
      0,
      0,
      0,
      0,
      0,
      0,
      0,
      0,
      0,
      0,
      0,
      0,
      0,
      0,
      0,
      0,
      0,
      0,
      0,
      0,
      0,
      0,
      0,
      0,
      0,
      0,
      0,
      0,
      0,
      0,
      0,
      0,
      0,
      0,
      0,
      0,
      0,
      0,
      0,
      0,
      0,
      0,
      0,
      0,
      0,
      0,
      0,
      0,
      0,
      0,
      0,
      0,
      0,
      0,
      0,
      0,
      0,
      0,
      0,
      0,
      0,
      0,
      0,
      0,
      0,
      0,
      0,
      0,
      0,
      0,
      0,
      0,
      0,
      0,
      0,
      0,
      0,
      0,
      0,
      0,
      0,
      0,
      0,
      0,
      0,
      0,
      0,
      0,
      0,
      0,
      0,
      0,
      0,
      0,
      0,
      0,
      0,
      0,
      0,
      0,
      0,
      0,
      0,
      0,
      0,
      0,
      0,
      0,
      0,
      0,
      0,
      0,
      0,
      0,
      0,
      0,
      0,
      0,
      0,
      0,
      0,
      0,
      0,
      0
    ],
    "y_pred_proba": [
      [
        0.6923523595249634,
        0.16772710778015248,
        0.139920532694884
      ],
      [
        0.7057167767028785,
        0.13852481691623217,
        0.15575840638088945
      ],
      [
        0.7020908422999022,
        0.16648696944867916,
        0.1314221882514188
      ],
      [
        0.689818652794854,
        0.1761329134669887,
        0.13404843373815734
      ],
      [
        0.5272679666464578,
        0.32531826484497395,
        0.14741376850856824
      ],
      [
        0.722027777308095,
        0.13615976606165656,
        0.14181245663024858
      ],
      [
        0.6812084265946271,
        0.1449971116008185,
        0.17379446180455463
      ],
      [
        0.649554538820967,
        0.19069909557363987,
        0.15974636560539288
      ],
      [
        0.6620058215443799,
        0.20189430328239943,
        0.13609987517322067
      ],
      [
        0.6746876234275382,
        0.1711350960937485,
        0.15417728047871315
      ],
      [
        0.6352959194682313,
        0.18715575129989137,
        0.17754832923187713
      ],
      [
        0.6840363149873978,
        0.14864463301630618,
        0.1673190519962961
      ],
      [
        0.6195434777388666,
        0.16532961837734475,
        0.21512690388378877
      ],
      [
        0.663921727440524,
        0.2018429900782465,
        0.13423528248122943
      ],
      [
        0.5998749013999635,
        0.2406390738980481,
        0.1594860247019884
      ],
      [
        0.7247527776766771,
        0.1246379952986009,
        0.15060922702472185
      ],
      [
        0.6995200597497966,
        0.13530803510545064,
        0.1651719051447529
      ],
      [
        0.7125912483079526,
        0.13846481792438933,
        0.14894393376765808
      ],
      [
        0.7100115911705529,
        0.12793530193818498,
        0.16205310689126234
      ],
      [
        0.642503506995985,
        0.1863478387922446,
        0.17114865421177033
      ],
      [
        0.6956819535460002,
        0.1677521804973918,
        0.13656586595660808
      ],
      [
        0.7142790176855127,
        0.1231532605655017,
        0.16256772174898543
      ],
      [
        0.6977255315125268,
        0.16296854527679383,
        0.1393059232106792
      ],
      [
        0.6546721774250094,
        0.18896563659423718,
        0.15636218598075366
      ],
      [
        0.6177669564736762,
        0.21263442035479835,
        0.1695986231715254
      ],
      [
        0.7176703032860546,
        0.1366752813396182,
        0.1456544153743271
      ],
      [
        0.7058918367413609,
        0.1499501432582545,
        0.14415802000038458
      ],
      [
        0.6281249793109663,
        0.2430932814470219,
        0.12878173924201167
      ],
      [
        0.7115597984059723,
        0.13749201819644286,
        0.1509481833975851
      ],
      [
        0.6453517798506413,
        0.20871904791396437,
        0.1459291722353944
      ],
      [
        0.6925870139507767,
        0.16203806799211165,
        0.14537491805711175
      ],
      [
        0.691153979680001,
        0.14117249586643496,
        0.16767352445356454
      ],
      [
        0.7031312099442175,
        0.16596000004754932,
        0.13090879000823336
      ],
      [
        0.6433804468273334,
        0.20935176233249286,
        0.14726779084017352
      ],
      [
        0.6858921540875772,
        0.16295643292363596,
        0.15115141298878687
      ],
      [
        0.7042694467242738,
        0.1491752705080954,
        0.14655528276763044
      ],
      [
        0.6232251745999906,
        0.2186633286004558,
        0.15811149679955366
      ],
      [
        0.7247413823348424,
        0.1357362693382469,
        0.13952234832691088
      ],
      [
        0.6898619667953008,
        0.15807375137743943,
        0.15206428182725984
      ],
      [
        0.6804836515675952,
        0.146954061144208,
        0.172562287288197
      ],
      [
        0.679138664278695,
        0.17498140217394573,
        0.14587993354735934
      ],
      [
        0.6691030269045872,
        0.19563551496577627,
        0.13526145812963664
      ],
      [
        0.4124475154399478,
        0.4093571026223723,
        0.17819538193768014
      ],
      [
        0.6845184885304659,
        0.16071011127644877,
        0.15477140019308525
      ],
      [
        0.6560921681081275,
        0.1898616894488764,
        0.15404614244299636
      ],
      [
        0.7141837735044853,
        0.13501748668307714,
        0.1507987398124374
      ],
      [
        0.6956819535460002,
        0.1677521804973918,
        0.13656586595660808
      ],
      [
        0.5967528684381993,
        0.24186728587360667,
        0.1613798456881942
      ],
      [
        0.5977545454793355,
        0.22174700259782557,
        0.18049845192283925
      ],
      [
        0.7261418813326997,
        0.10333435735061622,
        0.17052376131668368
      ],
      [
        0.6826121637109421,
        0.1536230309078252,
        0.16376480538123267
      ],
      [
        0.5930279679167867,
        0.252532526530423,
        0.15443950555279
      ],
      [
        0.6381235842955251,
        0.19060722544426673,
        0.17126919026020834
      ],
      [
        0.6932539526219056,
        0.16175991330356015,
        0.14498613407453417
      ],
      [
        0.6872599329041448,
        0.18078752002718004,
        0.13195254706867496
      ],
      [
        0.7042637821930672,
        0.15233547238240144,
        0.1434007454245314
      ],
      [
        0.7220915095583127,
        0.1293554897271362,
        0.14855300071455121
      ],
      [
        0.6826193448921475,
        0.15831690120157701,
        0.15906375390627547
      ],
      [
        0.7069916585949988,
        0.12272517035610672,
        0.17028317104889465
      ],
      [
        0.6956819535460002,
        0.1677521804973918,
        0.13656586595660808
      ],
      [
        0.6948749362098057,
        0.157886109465967,
        0.1472389543242273
      ],
      [
        0.624540573864376,
        0.20409641876991258,
        0.17136300736571117
      ],
      [
        0.7035723743975271,
        0.16740114862945546,
        0.12902647697301767
      ],
      [
        0.7342325457075105,
        0.13254702641602953,
        0.13322042787645993
      ],
      [
        0.6638168914960336,
        0.16345156837187683,
        0.17273154013208944
      ],
      [
        0.7070614934823738,
        0.14972448073330272,
        0.14321402578432346
      ],
      [
        0.703068581391734,
        0.15017492349231676,
        0.14675649511594915
      ],
      [
        0.6545022390348203,
        0.20127716044542526,
        0.14422060051975436
      ],
      [
        0.6895828765276182,
        0.14903650401915663,
        0.161380619453225
      ],
      [
        0.6716272030811608,
        0.1818408007419554,
        0.14653199617688378
      ],
      [
        0.7037561971624794,
        0.15043044022220062,
        0.1458133626153202
      ],
      [
        0.7044719266233046,
        0.14329782846551248,
        0.15223024491118287
      ],
      [
        0.6850570937066588,
        0.18581839127523087,
        0.12912451501811056
      ],
      [
        0.6940090670156801,
        0.1491564706473817,
        0.15683446233693843
      ],
      [
        0.6267971011254715,
        0.1864243792169678,
        0.18677851965756087
      ],
      [
        0.7005182350176,
        0.15312418653309923,
        0.14635757844930083
      ],
      [
        0.7118984363309434,
        0.15571960045204633,
        0.13238196321701035
      ],
      [
        0.6884951066343379,
        0.17879705489651845,
        0.1327078384691437
      ],
      [
        0.6762879013283288,
        0.17591527118143546,
        0.14779682749023557
      ],
      [
        0.6773663990946982,
        0.18896220890545418,
        0.13367139199984793
      ],
      [
        0.6966148032488413,
        0.15353694336714072,
        0.14984825338401814
      ],
      [
        0.6356512409646831,
        0.21537016604383352,
        0.14897859299148333
      ],
      [
        0.6124659715315345,
        0.2413084220887911,
        0.14622560637967444
      ],
      [
        0.666678835315048,
        0.1910576351165355,
        0.14226352956841665
      ],
      [
        0.6842040614798796,
        0.16255070837547703,
        0.1532452301446434
      ],
      [
        0.6770063223980222,
        0.1505187968908444,
        0.17247488071113365
      ],
      [
        0.720987735942868,
        0.1401247073181016,
        0.1388875567390307
      ],
      [
        0.665272058192763,
        0.19001791091870662,
        0.14471003088853013
      ],
      [
        0.6991227686698892,
        0.16256108242294418,
        0.13831614890716656
      ],
      [
        0.7003636624046664,
        0.17195511717839937,
        0.12768122041693422
      ],
      [
        0.6595496104326516,
        0.19644129664316293,
        0.14400909292418548
      ],
      [
        0.668289189680283,
        0.170430464464859,
        0.16128034585485848
      ],
      [
        0.6626197949306838,
        0.16453804536180053,
        0.1728421597075154
      ],
      [
        0.6748232812919054,
        0.1799101887613546,
        0.14526652994674
      ],
      [
        0.6024303128671242,
        0.23035223849673792,
        0.16721744863613777
      ],
      [
        0.7372625458103509,
        0.12557932258825205,
        0.1371581316013973
      ],
      [
        0.7143692756894183,
        0.14807085222142455,
        0.1375598720891568
      ],
      [
        0.7063083305251332,
        0.1417499522215821,
        0.15194171725328454
      ],
      [
        0.6913016717105526,
        0.1762026963944598,
        0.13249563189498784
      ],
      [
        0.6981203162538832,
        0.1429124016872567,
        0.15896728205886002
      ],
      [
        0.5844291915839851,
        0.2381888128089417,
        0.17738199560707327
      ],
      [
        0.6864931580736223,
        0.14965409112594064,
        0.1638527508004368
      ],
      [
        0.5723027073346753,
        0.2789624859931258,
        0.14873480667219877
      ],
      [
        0.7075092034565235,
        0.13273424924708407,
        0.15975654729639246
      ],
      [
        0.7081258749809574,
        0.15109756068149552,
        0.14077656433754718
      ],
      [
        0.6741478545544265,
        0.14017901753692047,
        0.18567312790865295
      ],
      [
        0.688973389443414,
        0.1359487146749545,
        0.17507789588163114
      ],
      [
        0.6131433909765617,
        0.24908320738948436,
        0.13777340163395363
      ],
      [
        0.6822578366138291,
        0.1712320692646584,
        0.14651009412151245
      ],
      [
        0.600132231861706,
        0.2340592440878809,
        0.16580852405041321
      ],
      [
        0.6662888773119401,
        0.15215767168437472,
        0.18155345100368514
      ],
      [
        0.6640468423859616,
        0.1929150793376652,
        0.14303807827637297
      ],
      [
        0.6667479175701262,
        0.1728231029378241,
        0.1604289794920496
      ],
      [
        0.7186498501685413,
        0.1509833803922461,
        0.13036676943921277
      ],
      [
        0.67333607706031,
        0.1753681324246829,
        0.15129579051500716
      ],
      [
        0.5891010706336935,
        0.2796339782066865,
        0.13126495115962003
      ],
      [
        0.7132137996429455,
        0.136977731323407,
        0.14980846903364772
      ],
      [
        0.6578636518472563,
        0.19427961782659556,
        0.14785673032614813
      ],
      [
        0.7223960631926559,
        0.13191974723645988,
        0.1456841895708843
      ],
      [
        0.6824471895783076,
        0.17699180831322622,
        0.1405610021084662
      ],
      [
        0.5907439489695622,
        0.25793881365503807,
        0.15131723737539982
      ],
      [
        0.6298780802482052,
        0.24015217284333795,
        0.12996974690845647
      ],
      [
        0.6551953822840532,
        0.18774962692131986,
        0.15705499079462656
      ],
      [
        0.6644400895539111,
        0.1918470244182508,
        0.14371288602783805
      ],
      [
        0.5636649720850644,
        0.2225312719303155,
        0.21380375598462006
      ],
      [
        0.6057256256391282,
        0.21753246177428195,
        0.17674191258658975
      ],
      [
        0.6969221202549833,
        0.14016444980374937,
        0.1629134299412672
      ],
      [
        0.572936747063359,
        0.2640293058453591,
        0.1630339470912819
      ],
      [
        0.6928586946460739,
        0.16360802745432862,
        0.14353327789959766
      ],
      [
        0.7053931184062193,
        0.16211372114748576,
        0.13249316044629492
      ],
      [
        0.6956819535460002,
        0.1677521804973918,
        0.13656586595660808
      ],
      [
        0.6619572744866966,
        0.1414159459067988,
        0.1966267796065047
      ],
      [
        0.689797304562971,
        0.1692192633697013,
        0.14098343206732775
      ],
      [
        0.5913178310213472,
        0.25518925051960667,
        0.15349291845904636
      ],
      [
        0.7239989422468911,
        0.11043569198803849,
        0.16556536576507053
      ],
      [
        0.6992894330409446,
        0.16275399628169798,
        0.13795657067735742
      ],
      [
        0.7117250009147165,
        0.14288758505990226,
        0.14538741402538138
      ],
      [
        0.7066301750354641,
        0.14894127085716957,
        0.14442855410736632
      ],
      [
        0.5724008101003202,
        0.27021845461973654,
        0.1573807352799432
      ],
      [
        0.7166662066497979,
        0.1138345450959822,
        0.1694992482542199
      ],
      [
        0.6796339768391207,
        0.18310031618691497,
        0.13726570697396434
      ],
      [
        0.6553006734562008,
        0.19915919325137568,
        0.14554013329242343
      ],
      [
        0.7014476095468763,
        0.15679149467285067,
        0.14176089578027318
      ],
      [
        0.6255663244530577,
        0.21404550042012815,
        0.16038817512681416
      ],
      [
        0.6609554096233008,
        0.20419998505479206,
        0.13484460532190715
      ],
      [
        0.7190309434791953,
        0.11647780116654058,
        0.1644912553542642
      ],
      [
        0.7136675942547931,
        0.14788773762605756,
        0.1384446681191493
      ],
      [
        0.668861815296732,
        0.16444536713868607,
        0.16669281756458182
      ],
      [
        0.7066710318503139,
        0.1346737070059944,
        0.1586552611436915
      ],
      [
        0.5091894948702317,
        0.32834516202230296,
        0.16246534310746524
      ],
      [
        0.6518686826841071,
        0.2228555329575779,
        0.1252757843583146
      ],
      [
        0.6446904129298069,
        0.1942238894942424,
        0.16108569757595045
      ],
      [
        0.659439721622061,
        0.1853266185500196,
        0.1552336598279195
      ],
      [
        0.659599310996459,
        0.18942392885514184,
        0.150976760148399
      ],
      [
        0.7142765790450126,
        0.15708780113877313,
        0.12863561981621427
      ],
      [
        0.6901722344375071,
        0.1575375754851713,
        0.1522901900773216
      ],
      [
        0.7153655975140513,
        0.14566777646993842,
        0.13896662601601023
      ],
      [
        0.5009064250971255,
        0.3255797060775649,
        0.17351386882530945
      ],
      [
        0.6818020619707962,
        0.1722362284163172,
        0.14596170961288665
      ],
      [
        0.7018037633163389,
        0.13224499816235588,
        0.1659512385213052
      ],
      [
        0.5956262551992674,
        0.26464807404458607,
        0.13972567075614664
      ],
      [
        0.6920198994523502,
        0.145311067006964,
        0.16266903354068557
      ],
      [
        0.7145220077912893,
        0.15312269776482332,
        0.13235529444388766
      ],
      [
        0.47851640826044056,
        0.35118606773659605,
        0.17029752400296322
      ],
      [
        0.6667919909991674,
        0.18008992930195172,
        0.1531180796988807
      ],
      [
        0.6533722137561537,
        0.15926476739821874,
        0.18736301884562778
      ],
      [
        0.652175380894211,
        0.17449249104430095,
        0.17333212806148793
      ],
      [
        0.697409487217231,
        0.16086702387814292,
        0.14172348890462627
      ],
      [
        0.6781199045415143,
        0.18747850313168507,
        0.1344015923268006
      ],
      [
        0.37038816723140633,
        0.4453259887366062,
        0.18428584403198753
      ],
      [
        0.6086424545230573,
        0.25664490028450826,
        0.1347126451924345
      ],
      [
        0.6956819535460002,
        0.1677521804973918,
        0.13656586595660808
      ],
      [
        0.6924335062964054,
        0.1351786400886652,
        0.17238785361492912
      ],
      [
        0.6867095602353532,
        0.16715121297949007,
        0.1461392267851567
      ],
      [
        0.7078077207933811,
        0.1394132677829552,
        0.15277901142366382
      ],
      [
        0.7194356093132587,
        0.11319972556422779,
        0.16736466512251377
      ],
      [
        0.6956819535460002,
        0.1677521804973918,
        0.13656586595660808
      ],
      [
        0.6125440059638172,
        0.23287601555070792,
        0.15457997848547494
      ],
      [
        0.7011864440647435,
        0.1489261622500274,
        0.14988739368522921
      ],
      [
        0.6956819535460002,
        0.1677521804973918,
        0.13656586595660808
      ],
      [
        0.6891372387506092,
        0.16444011068561679,
        0.14642265056377418
      ],
      [
        0.6965714663118234,
        0.18859853910788166,
        0.11482999458029489
      ],
      [
        0.6630416002464707,
        0.17838742065974564,
        0.15857097909378376
      ],
      [
        0.6155409544468491,
        0.2079784636096821,
        0.17648058194346886
      ],
      [
        0.5009962068291625,
        0.3354145228410411,
        0.16358927032979648
      ],
      [
        0.7336785610940683,
        0.13325238223185587,
        0.1330690566740759
      ],
      [
        0.6597402939508356,
        0.1687554251577812,
        0.17150428089138361
      ],
      [
        0.6708807825174555,
        0.16989794002496134,
        0.15922127745758297
      ],
      [
        0.6338949427909278,
        0.22869302769642905,
        0.13741202951264297
      ],
      [
        0.6123292295120615,
        0.1983113823980258,
        0.18935938808991254
      ],
      [
        0.7016199498384191,
        0.13272340038740485,
        0.16565664977417638
      ],
      [
        0.6537733550732244,
        0.20331691675992009,
        0.14290972816685563
      ],
      [
        0.7049142157264251,
        0.11536093904723652,
        0.17972484522633828
      ],
      [
        0.6837663745031317,
        0.18926207342663537,
        0.12697155207023286
      ],
      [
        0.6921204552066519,
        0.15601538465178919,
        0.151864160141559
      ],
      [
        0.5829192457539982,
        0.265180606702311,
        0.15190014754369047
      ],
      [
        0.6497268628690902,
        0.17403913093193701,
        0.17623400619897256
      ],
      [
        0.683670422827161,
        0.1673076363046371,
        0.14902194086820217
      ],
      [
        0.6146060802413741,
        0.21782472901299288,
        0.16756919074563315
      ],
      [
        0.7093640583513366,
        0.1312028708539068,
        0.1594330707947565
      ],
      [
        0.5743280573773778,
        0.27329702239382136,
        0.15237492022880053
      ],
      [
        0.6793963742737498,
        0.18431704857909836,
        0.13628657714715212
      ],
      [
        0.5953005223763138,
        0.26734088700060915,
        0.13735859062307718
      ],
      [
        0.713264260259209,
        0.14685354224003594,
        0.139882197500755
      ],
      [
        0.5972894791971667,
        0.25443051339592804,
        0.14828000740690522
      ],
      [
        0.6895559450111137,
        0.1634878528349694,
        0.14695620215391683
      ],
      [
        0.661007436408694,
        0.19717292108223866,
        0.1418196425090674
      ],
      [
        0.6903191591012455,
        0.1767314471981678,
        0.1329493937005866
      ],
      [
        0.7012752556107597,
        0.15592186978117345,
        0.14280287460806707
      ],
      [
        0.6439293846165607,
        0.20845907966318852,
        0.14761153572025057
      ],
      [
        0.5781467382481477,
        0.2531992710672413,
        0.168653990684611
      ],
      [
        0.6684020931139668,
        0.16239810758124368,
        0.16919979930478962
      ],
      [
        0.7086617673958786,
        0.16282547521428642,
        0.12851275738983486
      ],
      [
        0.7048563383151273,
        0.1611635453805705,
        0.1339801163043025
      ],
      [
        0.7005749622834443,
        0.15728362722004952,
        0.14214141049650614
      ],
      [
        0.5741803336157394,
        0.2560858117293959,
        0.1697338546548645
      ],
      [
        0.6956819535460002,
        0.1677521804973918,
        0.13656586595660808
      ],
      [
        0.659396833199971,
        0.19337181285924426,
        0.14723135394078493
      ],
      [
        0.6776985167414269,
        0.17288529538084554,
        0.14941618787772745
      ],
      [
        0.3981103547874533,
        0.40858051434345244,
        0.19330913086909415
      ],
      [
        0.5801157826667168,
        0.2731656737054726,
        0.14671854362781056
      ],
      [
        0.6322361527301459,
        0.20573030807427517,
        0.16203353919557884
      ],
      [
        0.6830325304516607,
        0.1906206969743243,
        0.12634677257401483
      ],
      [
        0.6927003759291234,
        0.17821768084752287,
        0.12908194322335376
      ],
      [
        0.6614623529734562,
        0.204385644482338,
        0.13415200254420567
      ],
      [
        0.7005873171946837,
        0.16759424225470393,
        0.13181844055061245
      ],
      [
        0.6669657887957481,
        0.2035093789359357,
        0.1295248322683162
      ],
      [
        0.7037146516447252,
        0.14466535172700445,
        0.15161999662827072
      ],
      [
        0.7151172445638944,
        0.14334003010348925,
        0.14154272533261653
      ],
      [
        0.6142611450603842,
        0.22426388919052742,
        0.16147496574908848
      ],
      [
        0.6900284298595375,
        0.15460848384287193,
        0.15536308629759055
      ],
      [
        0.6996214422420196,
        0.16682368695765495,
        0.1335548708003255
      ],
      [
        0.6892474115339193,
        0.15628596347309212,
        0.15446662499298844
      ],
      [
        0.7205700277188845,
        0.12089464970104352,
        0.1585353225800722
      ],
      [
        0.7183790256995223,
        0.13189173349775166,
        0.14972924080272637
      ],
      [
        0.7137270401106441,
        0.13135600626545943,
        0.1549169536238962
      ],
      [
        0.6956819535460002,
        0.1677521804973918,
        0.13656586595660808
      ],
      [
        0.6497450397396941,
        0.18523376172619774,
        0.165021198534108
      ],
      [
        0.6969387630214848,
        0.1262787422047662,
        0.17678249477374894
      ],
      [
        0.6602086001317495,
        0.20118985160423836,
        0.13860154826401197
      ],
      [
        0.6765644588867825,
        0.17650370743205787,
        0.1469318336811594
      ],
      [
        0.6431882245679159,
        0.21803942883390962,
        0.13877234659817436
      ],
      [
        0.6956819535460002,
        0.1677521804973918,
        0.13656586595660808
      ],
      [
        0.6300311503926623,
        0.19111379393075772,
        0.17885505567657975
      ],
      [
        0.619499931659598,
        0.20227816520511047,
        0.17822190313529127
      ],
      [
        0.6599578070084577,
        0.21080728361664733,
        0.12923490937489507
      ],
      [
        0.6792311839507292,
        0.18555485178457348,
        0.13521396426469734
      ],
      [
        0.6881155627214975,
        0.16881292577181287,
        0.14307151150668984
      ],
      [
        0.5690021336712197,
        0.25547498721721257,
        0.17552287911156747
      ],
      [
        0.6498516088279297,
        0.15874827266619837,
        0.1914001185058717
      ],
      [
        0.6426246534806009,
        0.20912049770840788,
        0.14825484881099124
      ],
      [
        0.6910710634341202,
        0.15754298374259154,
        0.1513859528232882
      ],
      [
        0.6220156581343146,
        0.23437634479094496,
        0.14360799707474006
      ],
      [
        0.7176968348309606,
        0.1349294631923319,
        0.14737370197670766
      ],
      [
        0.7130384487576609,
        0.13712803000278087,
        0.14983352123955854
      ],
      [
        0.7182053450702452,
        0.12430635505732436,
        0.1574882998724305
      ],
      [
        0.688265701575118,
        0.15693243228408396,
        0.1548018661407979
      ],
      [
        0.6171081096524342,
        0.20699273075531674,
        0.17589915959224917
      ],
      [
        0.6956819535460002,
        0.1677521804973918,
        0.13656586595660808
      ],
      [
        0.7016429246163968,
        0.16561279645028465,
        0.13274427893331872
      ],
      [
        0.6716011545327891,
        0.14695849186090743,
        0.1814403536063035
      ],
      [
        0.7080768737152714,
        0.15289305072497114,
        0.1390300755597575
      ],
      [
        0.6934266903705105,
