{
  "model_name": "CatBoost",
  "mode": "default_parameters",
  "cv_results": {
    "accuracy": {
      "mean": 0.6639130434782609,
      "std": 0.01837438835575256,
      "scores": [
        0.6695652173913044,
        0.6934782608695652,
        0.6565217391304348,
        0.6369565217391304,
        0.6630434782608695
      ]
    },
    "precision": {
      "mean": NaN,
      "std": NaN,
      "scores": [
        NaN,
        NaN,
        NaN,
        NaN,
        NaN
      ]
    },
    "recall": {
      "mean": NaN,
      "std": NaN,
      "scores": [
        NaN,
        NaN,
        NaN,
        NaN,
        NaN
      ]
    },
    "f1": {
      "mean": NaN,
      "std": NaN,
      "scores": [
        NaN,
        NaN,
        NaN,
        NaN,
        NaN
      ]
    },
    "roc_auc": {
      "mean": NaN,
      "std": NaN,
      "scores": [
        NaN,
        NaN,
        NaN,
        NaN,
        NaN
      ]
    },
    "pr_auc": {
      "mean": 0.41135440480492996,
      "std": 0.033317550170488305,
      "scores": [
        0.40161815088566666,
        0.4612800548377362,
        0.4101649959636892,
        0.35868050291074477,
        0.4250283194268128
      ]
    }
  },
  "test_metrics": {
    "accuracy": 0.6521739130434783,
    "precision": 0.5069013559518584,
    "recall": 0.6521739130434783,
    "f1": 0.5525753032574622,
    "roc_auc": 0.5888104361559878,
    "pr_auc": 0.5674175309955747,
    "classification_report": "              accuracy   precision    recall    f1-score   roc_auc    pr_auc\n\n     Class 0       0.6522      0.6740     0.9506     0.7888     0.5923     0.7388\n     Class 1       0.6522      0.3103     0.0874     0.1364     0.6296     0.2637\n     Class 2       0.6522      0.0000     0.0000     0.0000     0.5249     0.1684\n\n   macro avg       0.6522      0.3281     0.3460     0.3084     0.5823031009161378     0.39030532783589456\nweighted avg       0.6522      0.5069     0.6522     0.5526     0.5888104361559878     0.5674175309955747\n"
  },
  "parameters": {
    "memory": "None",
    "steps": "[('scaler', StandardScaler()), ('classifier', <catboost.core.CatBoostClassifier object at 0x118f12120>)]",
    "transform_input": "None",
    "verbose": "False",
    "scaler": "StandardScaler()",
    "classifier": "<catboost.core.CatBoostClassifier object at 0x118f12120>",
    "scaler__copy": "True",
    "scaler__with_mean": "True",
    "scaler__with_std": "True",
    "classifier__verbose": "False",
    "classifier__random_state": "42"
  },
  "timestamp": "20251114_110733",
  "test_predictions": {
    "y_true": [
      2,
      0,
      0,
      0,
      1,
      0,
      2,
      0,
      2,
      0,
      0,
      2,
      0,
      0,
      1,
      0,
      0,
      0,
      0,
      0,
      0,
      0,
      0,
      0,
      0,
      1,
      2,
      0,
      0,
      0,
      0,
      0,
      1,
      0,
      2,
      0,
      0,
      0,
      0,
      0,
      2,
      0,
      0,
      0,
      0,
      0,
      1,
      2,
      0,
      0,
      0,
      1,
      0,
      1,
      0,
      0,
      0,
      0,
      1,
      1,
      0,
      2,
      1,
      0,
      2,
      2,
      1,
      0,
      2,
      2,
      0,
      0,
      0,
      0,
      1,
      1,
      0,
      1,
      0,
      2,
      0,
      2,
      0,
      0,
      0,
      2,
      1,
      1,
      0,
      0,
      0,
      0,
      0,
      1,
      0,
      1,
      0,
      0,
      2,
      0,
      2,
      0,
      0,
      0,
      0,
      2,
      2,
      2,
      0,
      0,
      0,
      0,
      0,
      0,
      1,
      0,
      0,
      0,
      0,
      2,
      1,
      0,
      0,
      2,
      2,
      2,
      0,
      0,
      0,
      0,
      0,
      0,
      1,
      2,
      0,
      0,
      0,
      0,
      2,
      0,
      0,
      0,
      0,
      0,
      0,
      0,
      0,
      0,
      0,
      1,
      0,
      0,
      2,
      0,
      0,
      2,
      0,
      1,
      0,
      0,
      0,
      2,
      0,
      1,
      0,
      0,
      0,
      2,
      0,
      1,
      1,
      1,
      0,
      0,
      0,
      1,
      0,
      2,
      0,
      2,
      0,
      0,
      2,
      0,
      0,
      0,
      0,
      0,
      2,
      1,
      0,
      0,
      0,
      1,
      0,
      2,
      0,
      1,
      2,
      0,
      1,
      0,
      0,
      0,
      1,
      1,
      0,
      0,
      0,
      0,
      1,
      0,
      0,
      0,
      1,
      0,
      0,
      0,
      0,
      1,
      1,
      0,
      0,
      0,
      0,
      1,
      0,
      0,
      1,
      2,
      0,
      1,
      0,
      0,
      0,
      1,
      0,
      0,
      0,
      2,
      0,
      1,
      0,
      0,
      0,
      1,
      0,
      0,
      0,
      0,
      0,
      0,
      1,
      1,
      1,
      0,
      2,
      0,
      1,
      0,
      0,
      0,
      0,
      1,
      0,
      0,
      0,
      0,
      1,
      0,
      0,
      0,
      0,
      0,
      0,
      1,
      0,
      0,
      2,
      0,
      0,
      0,
      1,
      0,
      0,
      0,
      0,
      2,
      0,
      0,
      0,
      0,
      0,
      2,
      2,
      0,
      0,
      0,
      2,
      1,
      0,
      0,
      1,
      2,
      0,
      0,
      1,
      0,
      0,
      0,
      0,
      0,
      0,
      0,
      2,
      0,
      0,
      0,
      0,
      0,
      2,
      1,
      0,
      0,
      1,
      0,
      0,
      2,
      2,
      0,
      0,
      0,
      0,
      1,
      0,
      1,
      1,
      0,
      0,
      0,
      0,
      1,
      0,
      0,
      0,
      0,
      0,
      0,
      2,
      0,
      0,
      2,
      0,
      2,
      0,
      2,
      0,
      0,
      0,
      1,
      2,
      1,
      0,
      0,
      0,
      1,
      0,
      0,
      1,
      0,
      0,
      0,
      0,
      0,
      0,
      0,
      1,
      0,
      1,
      1,
      0,
      1,
      0,
      1,
      1,
      0,
      0,
      2,
      0,
      0,
      1,
      0,
      1,
      1,
      2,
      1,
      0,
      2,
      2,
      0,
      1,
      0,
      2,
      2,
      0,
      0,
      1,
      0,
      0,
      2,
      0,
      0,
      1,
      0,
      0,
      0,
      2,
      0,
      2,
      0,
      0,
      0,
      0,
      2,
      0,
      0,
      0,
      1,
      0,
      0,
      1,
      0,
      0,
      0,
      0,
      0,
      0,
      0,
      0,
      0,
      0,
      0,
      1,
      1,
      0,
      0,
      0,
      0,
      1,
      0,
      0,
      0,
      0,
      1,
      0,
      0,
      2,
      0,
      0,
      0,
      2,
      2,
      0,
      0,
      0,
      1,
      0,
      2,
      0,
      1,
      0,
      1,
      1,
      2,
      1,
      0,
      0,
      0,
      1,
      0,
      0,
      1,
      0,
      0,
      0,
      0,
      2,
      1,
      0,
      0,
      0,
      2,
      0,
      0,
      0,
      2,
      1,
      0,
      0,
      0,
      0,
      0,
      2,
      2,
      2,
      0,
      0,
      2,
      0,
      2,
      0,
      0,
      0,
      0,
      0,
      0,
      2,
      0,
      0,
      0,
      0,
      0,
      0,
      2,
      0,
      0,
      1,
      1,
      1,
      1,
      0,
      0,
      0,
      0,
      0,
      0,
      0,
      0,
      1,
      0,
      1,
      0,
      0,
      2,
      0,
      2,
      0,
      0,
      0,
      1,
      0,
      0,
      0,
      0,
      0,
      0,
      0,
      0,
      0,
      2,
      0,
      2,
      2,
      0,
      2,
      0,
      0,
      0,
      0,
      2,
      0,
      1,
      1,
      1,
      0
    ],
    "y_pred": [
      [
        0
      ],
      [
        0
      ],
      [
        0
      ],
      [
        0
      ],
      [
        0
      ],
      [
        0
      ],
      [
        0
      ],
      [
        0
      ],
      [
        0
      ],
      [
        0
      ],
      [
        0
      ],
      [
        0
      ],
      [
        0
      ],
      [
        0
      ],
      [
        0
      ],
      [
        0
      ],
      [
        0
      ],
      [
        0
      ],
      [
        0
      ],
      [
        0
      ],
      [
        0
      ],
      [
        0
      ],
      [
        0
      ],
      [
        0
      ],
      [
        0
      ],
      [
        0
      ],
      [
        0
      ],
      [
        0
      ],
      [
        0
      ],
      [
        0
      ],
      [
        0
      ],
      [
        0
      ],
      [
        0
      ],
      [
        0
      ],
      [
        0
      ],
      [
        0
      ],
      [
        0
      ],
      [
        0
      ],
      [
        0
      ],
      [
        0
      ],
      [
        0
      ],
      [
        0
      ],
      [
        0
      ],
      [
        0
      ],
      [
        0
      ],
      [
        0
      ],
      [
        0
      ],
      [
        0
      ],
      [
        0
      ],
      [
        0
      ],
      [
        0
      ],
      [
        1
      ],
      [
        0
      ],
      [
        0
      ],
      [
        0
      ],
      [
        0
      ],
      [
        0
      ],
      [
        0
      ],
      [
        0
      ],
      [
        0
      ],
      [
        0
      ],
      [
        0
      ],
      [
        0
      ],
      [
        0
      ],
      [
        0
      ],
      [
        0
      ],
      [
        0
      ],
      [
        0
      ],
      [
        0
      ],
      [
        0
      ],
      [
        0
      ],
      [
        0
      ],
      [
        0
      ],
      [
        0
      ],
      [
        0
      ],
      [
        0
      ],
      [
        0
      ],
      [
        0
      ],
      [
        0
      ],
      [
        0
      ],
      [
        0
      ],
      [
        1
      ],
      [
        0
      ],
      [
        0
      ],
      [
        0
      ],
      [
        0
      ],
      [
        0
      ],
      [
        0
      ],
      [
        0
      ],
      [
        0
      ],
      [
        1
      ],
      [
        0
      ],
      [
        0
      ],
      [
        0
      ],
      [
        0
      ],
      [
        0
      ],
      [
        0
      ],
      [
        0
      ],
      [
        0
      ],
      [
        0
      ],
      [
        0
      ],
      [
        0
      ],
      [
        0
      ],
      [
        0
      ],
      [
        0
      ],
      [
        0
      ],
      [
        0
      ],
      [
        1
      ],
      [
        0
      ],
      [
        0
      ],
      [
        2
      ],
      [
        0
      ],
      [
        0
      ],
      [
        0
      ],
      [
        0
      ],
      [
        0
      ],
      [
        0
      ],
      [
        0
      ],
      [
        0
      ],
      [
        0
      ],
      [
        0
      ],
      [
        0
      ],
      [
        0
      ],
      [
        0
      ],
      [
        0
      ],
      [
        0
      ],
      [
        0
      ],
      [
        0
      ],
      [
        0
      ],
      [
        0
      ],
      [
        0
      ],
      [
        0
      ],
      [
        0
      ],
      [
        0
      ],
      [
        0
      ],
      [
        0
      ],
      [
        0
      ],
      [
        0
      ],
      [
        0
      ],
      [
        0
      ],
      [
        0
      ],
      [
        1
      ],
      [
        0
      ],
      [
        0
      ],
      [
        0
      ],
      [
        0
      ],
      [
        0
      ],
      [
        0
      ],
      [
        0
      ],
      [
        1
      ],
      [
        0
      ],
      [
        0
      ],
      [
        0
      ],
      [
        0
      ],
      [
        0
      ],
      [
        0
      ],
      [
        0
      ],
      [
        0
      ],
      [
        0
      ],
      [
        0
      ],
      [
        0
      ],
      [
        0
      ],
      [
        0
      ],
      [
        0
      ],
      [
        0
      ],
      [
        0
      ],
      [
        0
      ],
      [
        0
      ],
      [
        0
      ],
      [
        0
      ],
      [
        0
      ],
      [
        0
      ],
      [
        0
      ],
      [
        0
      ],
      [
        0
      ],
      [
        0
      ],
      [
        0
      ],
      [
        0
      ],
      [
        0
      ],
      [
        0
      ],
      [
        0
      ],
      [
        0
      ],
      [
        0
      ],
      [
        0
      ],
      [
        0
      ],
      [
        0
      ],
      [
        0
      ],
      [
        0
      ],
      [
        0
      ],
      [
        0
      ],
      [
        0
      ],
      [
        0
      ],
      [
        0
      ],
      [
        0
      ],
      [
        0
      ],
      [
        0
      ],
      [
        0
      ],
      [
        0
      ],
      [
        0
      ],
      [
        0
      ],
      [
        0
      ],
      [
        1
      ],
      [
        0
      ],
      [
        0
      ],
      [
        0
      ],
      [
        0
      ],
      [
        0
      ],
      [
        0
      ],
      [
        0
      ],
      [
        0
      ],
      [
        0
      ],
      [
        0
      ],
      [
        0
      ],
      [
        0
      ],
      [
        0
      ],
      [
        0
      ],
      [
        0
      ],
      [
        0
      ],
      [
        0
      ],
      [
        1
      ],
      [
        0
      ],
      [
        0
      ],
      [
        0
      ],
      [
        0
      ],
      [
        0
      ],
      [
        0
      ],
      [
        0
      ],
      [
        0
      ],
      [
        0
      ],
      [
        0
      ],
      [
        0
      ],
      [
        0
      ],
      [
        0
      ],
      [
        0
      ],
      [
        0
      ],
      [
        0
      ],
      [
        0
      ],
      [
        0
      ],
      [
        0
      ],
      [
        0
      ],
      [
        0
      ],
      [
        0
      ],
      [
        0
      ],
      [
        0
      ],
      [
        0
      ],
      [
        0
      ],
      [
        0
      ],
      [
        0
      ],
      [
        0
      ],
      [
        0
      ],
      [
        0
      ],
      [
        0
      ],
      [
        0
      ],
      [
        0
      ],
      [
        0
      ],
      [
        0
      ],
      [
        0
      ],
      [
        0
      ],
      [
        0
      ],
      [
        0
      ],
      [
        0
      ],
      [
        0
      ],
      [
        0
      ],
      [
        0
      ],
      [
        0
      ],
      [
        1
      ],
      [
        0
      ],
      [
        0
      ],
      [
        0
      ],
      [
        0
      ],
      [
        0
      ],
      [
        0
      ],
      [
        0
      ],
      [
        0
      ],
      [
        0
      ],
      [
        0
      ],
      [
        0
      ],
      [
        0
      ],
      [
        0
      ],
      [
        0
      ],
      [
        0
      ],
      [
        0
      ],
      [
        0
      ],
      [
        0
      ],
      [
        0
      ],
      [
        0
      ],
      [
        0
      ],
      [
        0
      ],
      [
        0
      ],
      [
        0
      ],
      [
        0
      ],
      [
        0
      ],
      [
        0
      ],
      [
        0
      ],
      [
        0
      ],
      [
        0
      ],
      [
        0
      ],
      [
        0
      ],
      [
        0
      ],
      [
        0
      ],
      [
        0
      ],
      [
        0
      ],
      [
        0
      ],
      [
        0
      ],
      [
        0
      ],
      [
        0
      ],
      [
        0
      ],
      [
        0
      ],
      [
        0
      ],
      [
        0
      ],
      [
        1
      ],
      [
        0
      ],
      [
        0
      ],
      [
        0
      ],
      [
        0
      ],
      [
        0
      ],
      [
        0
      ],
      [
        0
      ],
      [
        0
      ],
      [
        0
      ],
      [
        0
      ],
      [
        0
      ],
      [
        0
      ],
      [
        1
      ],
      [
        0
      ],
      [
        0
      ],
      [
        0
      ],
      [
        0
      ],
      [
        0
      ],
      [
        0
      ],
      [
        0
      ],
      [
        0
      ],
      [
        0
      ],
      [
        0
      ],
      [
        0
      ],
      [
        0
      ],
      [
        1
      ],
      [
        0
      ],
      [
        0
      ],
      [
        0
      ],
      [
        0
      ],
      [
        0
      ],
      [
        0
      ],
      [
        0
      ],
      [
        0
      ],
      [
        0
      ],
      [
        0
      ],
      [
        0
      ],
      [
        0
      ],
      [
        0
      ],
      [
        0
      ],
      [
        0
      ],
      [
        0
      ],
      [
        0
      ],
      [
        0
      ],
      [
        0
      ],
      [
        0
      ],
      [
        0
      ],
      [
        0
      ],
      [
        1
      ],
      [
        0
      ],
      [
        0
      ],
      [
        0
      ],
      [
        0
      ],
      [
        0
      ],
      [
        0
      ],
      [
        0
      ],
      [
        0
      ],
      [
        0
      ],
      [
        0
      ],
      [
        0
      ],
      [
        0
      ],
      [
        0
      ],
      [
        0
      ],
      [
        0
      ],
      [
        0
      ],
      [
        0
      ],
      [
        0
      ],
      [
        0
      ],
      [
        0
      ],
      [
        0
      ],
      [
        0
      ],
      [
        0
      ],
      [
        0
      ],
      [
        0
      ],
      [
        0
      ],
      [
        0
      ],
      [
        0
      ],
      [
        0
      ],
      [
        0
      ],
      [
        0
      ],
      [
        0
      ],
      [
        0
      ],
      [
        0
      ],
      [
        0
      ],
      [
        0
      ],
      [
        0
      ],
      [
        0
      ],
      [
        0
      ],
      [
        0
      ],
      [
        0
      ],
      [
        0
      ],
      [
        0
      ],
      [
        0
      ],
      [
        0
      ],
      [
        0
      ],
      [
        0
      ],
      [
        0
      ],
      [
        0
      ],
      [
        0
      ],
      [
        0
      ],
      [
        0
      ],
      [
        1
      ],
      [
        0
      ],
      [
        0
      ],
      [
        0
      ],
      [
        0
      ],
      [
        0
      ],
      [
        0
      ],
      [
        0
      ],
      [
        0
      ],
      [
        0
      ],
      [
        0
      ],
      [
        1
      ],
      [
        0
      ],
      [
        0
      ],
      [
        0
      ],
      [
        0
      ],
      [
        0
      ],
      [
        0
      ],
      [
        0
      ],
      [
        0
      ],
      [
        0
      ],
      [
        0
      ],
      [
        0
      ],
      [
        0
      ],
      [
        0
      ],
      [
        0
      ],
      [
        0
      ],
      [
        0
      ],
      [
        1
      ],
      [
        0
      ],
      [
        0
      ],
      [
        0
      ],
      [
        2
      ],
      [
        0
      ],
      [
        0
      ],
      [
        0
      ],
      [
        0
      ],
      [
        0
      ],
      [
        0
      ],
      [
        1
      ],
      [
        0
      ],
      [
        1
      ],
      [
        0
      ],
      [
        0
      ],
      [
        0
      ],
      [
        0
      ],
      [
        0
      ],
      [
        0
      ],
      [
        0
      ],
      [
        0
      ],
      [
        0
      ],
      [
        0
      ],
      [
        0
      ],
      [
        0
      ],
      [
        0
      ],
      [
        0
      ],
      [
        0
      ],
      [
        0
      ],
      [
        0
      ],
      [
        0
      ],
      [
        0
      ],
      [
        0
      ],
      [
        0
      ],
      [
        0
      ],
      [
        0
      ],
      [
        0
      ],
      [
        0
      ],
      [
        1
      ],
      [
        1
      ],
      [
        1
      ],
      [
        0
      ],
      [
        0
      ],
      [
        1
      ],
      [
        0
      ],
      [
        0
      ],
      [
        0
      ],
      [
        0
      ],
      [
        0
      ],
      [
        0
      ],
      [
        1
      ],
      [
        0
      ],
      [
        0
      ],
      [
        0
      ],
      [
        0
      ],
      [
        0
      ],
      [
        0
      ],
      [
        0
      ],
      [
        0
      ],
      [
        0
      ],
      [
        0
      ],
      [
        0
      ],
      [
        0
      ],
      [
        0
      ],
      [
        0
      ],
      [
        0
      ],
      [
        0
      ],
      [
        0
      ],
      [
        0
      ],
      [
        0
      ],
      [
        0
      ],
      [
        0
      ],
      [
        0
      ],
      [
        0
      ],
      [
        0
      ],
      [
        0
      ],
      [
        0
      ],
      [
        1
      ],
      [
        1
      ],
      [
        0
      ],
      [
        0
      ],
      [
        0
      ],
      [
        0
      ],
      [
        0
      ],
      [
        0
      ],
      [
        0
      ],
      [
        0
      ],
      [
        0
      ],
      [
        1
      ],
      [
        0
      ],
      [
        2
      ],
      [
        0
      ],
      [
        0
      ],
      [
        0
      ],
      [
        0
      ],
      [
        0
      ],
      [
        0
      ],
      [
        0
      ],
      [
        0
      ],
      [
        0
      ],
      [
        0
      ],
      [
        1
      ],
      [
        0
      ],
      [
        0
      ],
      [
        0
      ],
      [
        0
      ],
      [
        0
      ],
      [
        0
      ],
      [
        0
      ],
      [
        0
      ],
      [
        0
      ],
      [
        0
      ],
      [
        0
      ],
      [
        0
      ],
      [
        0
      ],
      [
        0
      ],
      [
        1
      ],
      [
        0
      ],
      [
        0
      ],
      [
        0
      ],
      [
        0
      ],
      [
        0
      ],
      [
        0
      ],
      [
        0
      ],
      [
        1
      ],
      [
        0
      ],
      [
        0
      ],
      [
        0
      ],
      [
        0
      ],
      [
        0
      ],
      [
        0
      ],
      [
        0
      ],
      [
        0
      ],
      [
        0
      ]
    ],
    "y_pred_proba": [
      [
        0.8018868710506032,
        0.038705892103655,
        0.15940723684574198
      ],
      [
        0.9781690867341409,
        0.007596856401986859,
        0.014234056863872056
      ],
      [
        0.8384590444582375,
        0.12220056725386247,
        0.03934038828789997
      ],
      [
        0.581396707631782,
        0.30055386709852344,
        0.1180494252696947
      ],
      [
        0.5121337214724396,
        0.431181754536599,
        0.056684523990961376
      ],
      [
        0.909151372361683,
        0.04058076287923452,
        0.05026786475908246
      ],
      [
        0.8854346710453934,
        0.02814677891248083,
        0.08641855004212577
      ],
      [
        0.9366593632855439,
        0.035267085769368635,
        0.028073550945087504
      ],
      [
        0.673237083124972,
        0.21512236990620276,
        0.11164054696882525
      ],
      [
        0.9270912035226602,
        0.051941570605290255,
        0.020967225872049675
      ],
      [
        0.7856163338373037,
        0.08450746361204227,
        0.12987620255065407
      ],
      [
        0.4242007000320925,
        0.18750764555643615,
        0.38829165441147134
      ],
      [
        0.9238508534399759,
        0.030354388826854903,
        0.045794757733169246
      ],
      [
        0.5839478120995892,
        0.33328729604563906,
        0.08276489185477166
      ],
      [
        0.5668318060459892,
        0.15044695409215195,
        0.2827212398618589
      ],
      [
        0.8306943149452848,
        0.07516531953841805,
        0.09414036551629729
      ],
      [
        0.8316490258947907,
        0.04133613995495531,
        0.1270148341502538
      ],
      [
        0.9390174233798897,
        0.021556685981022623,
        0.039425890639087684
      ],
      [
        0.8262350841440961,
        0.10179862722747023,
        0.07196628862843364
      ],
      [
        0.7919559964427161,
        0.09672410650230251,
        0.11131989705498128
      ],
      [
        0.5843161617253343,
        0.22661336097940346,
        0.18907047729526227
      ],
      [
        0.9327685006791093,
        0.01489202760050908,
        0.052339471720381586
      ],
      [
        0.8384072683628977,
        0.06805940663709958,
        0.09353332500000287
      ],
      [
        0.8911040442851313,
        0.02872420024298526,
        0.08017175547188334
      ],
      [
        0.7198823815933468,
        0.1103258073521817,
        0.16979181105447155
      ],
      [
        0.9695312155069515,
        0.008563100043023046,
        0.021905684450025376
      ],
      [
        0.8337818430376548,
        0.07743360814988977,
        0.08878454881245551
      ],
      [
        0.5831122868047895,
        0.2715886913953408,
        0.14529902179986964
      ],
      [
        0.9267961829959579,
        0.02211607047941908,
        0.05108774652462308
      ],
      [
        0.756731838588115,
        0.1545412864454624,
        0.08872687496642277
      ],
      [
        0.9236045384386874,
        0.02567375662318642,
        0.0507217049381263
      ],
      [
        0.9629419765538163,
        0.006607735243946309,
        0.030450288202237316
      ],
      [
        0.8747447500408094,
        0.08695763379245973,
        0.03829761616673088
      ],
      [
        0.8197934484308489,
        0.14059330327536892,
        0.03961324829378203
      ],
      [
        0.8741924597731128,
        0.08249934347631935,
        0.04330819675056766
      ],
      [
        0.9084815128816811,
        0.06334148946050337,
        0.028176997657815363
      ],
      [
        0.8200253887901295,
        0.055213028303912295,
        0.12476158290595818
      ],
      [
        0.9193819215697269,
        0.031164377309117877,
        0.04945370112115529
      ],
      [
        0.737644024641484,
        0.14792943923716914,
        0.11442653612134691
      ],
      [
        0.8106936257087962,
        0.07958590016115458,
        0.10972047413004916
      ],
      [
        0.7429704704716552,
        0.180689245922238,
        0.0763402836061068
      ],
      [
        0.6165870657608574,
        0.3181706212409908,
        0.06524231299815172
      ],
      [
        0.49906991191065714,
        0.46625713577769073,
        0.0346729523116521
      ],
      [
        0.9091299454550501,
        0.026671160255836494,
        0.06419889428911334
      ],
      [
        0.7663299525073669,
        0.12704985619668374,
        0.10662019129594946
      ],
      [
        0.9870440117730844,
        0.002494362637500512,
        0.010461625589414957
      ],
      [
        0.5843161617253343,
        0.22661336097940346,
        0.18907047729526227
      ],
      [
        0.5050866450776099,
        0.3214534666530047,
        0.17345988826938538
      ],
      [
        0.8807670559037096,
        0.03512854465943397,
        0.08410439943685624
      ],
      [
        0.8574234810513065,
        0.024995666529348343,
        0.11758085241934513
      ],
      [
        0.9743198396240038,
        0.013736286173168286,
        0.011943874202828017
      ],
      [
        0.3500585884365126,
        0.4847059144178731,
        0.16523549714561425
      ],
      [
        0.8551750440494758,
        0.06617662367935298,
        0.0786483322711711
      ],
      [
        0.6879837094964691,
        0.26068911856207955,
        0.051327171941451366
      ],
      [
        0.7657554731944877,
        0.16507802020705403,
        0.06916650659845829
      ],
      [
        0.9322191054984916,
        0.019382267191589444,
        0.048398627309919014
      ],
      [
        0.9071689847459699,
        0.044384144009285115,
        0.04844687124474512
      ],
      [
        0.849841342282022,
        0.06781494537965363,
        0.08234371233832437
      ],
      [
        0.7972987014718157,
        0.03328018071418744,
        0.16942111781399688
      ],
      [
        0.5843161617253343,
        0.22661336097940346,
        0.18907047729526227
      ],
      [
        0.6194734541964902,
        0.29375445423582414,
        0.08677209156768557
      ],
      [
        0.7809389715966534,
        0.09949787536498848,
        0.11956315303835828
      ],
      [
        0.6710519087421776,
        0.2836859154082984,
        0.0452621758495239
      ],
      [
        0.9764945438768815,
        0.011622039938368873,
        0.011883416184749642
      ],
      [
        0.934288127883591,
        0.012705363182717772,
        0.05300650893369116
      ],
      [
        0.8277191023249395,
        0.10895259181584525,
        0.06332830585921533
      ],
      [
        0.9102193805791821,
        0.05718602675407242,
        0.03259459266674553
      ],
      [
        0.4466634484719524,
        0.3975934097200687,
        0.15574314180797902
      ],
      [
        0.7539952414321821,
        0.052386118570254256,
        0.19361863999756365
      ],
      [
        0.9113295044031421,
        0.03495284043039197,
        0.05371765516646589
      ],
      [
        0.8461083251618761,
        0.048250627059215,
        0.10564104777890912
      ],
      [
        0.7716920511072187,
        0.057110817091451695,
        0.17119713180132962
      ],
      [
        0.6578408028716803,
        0.17729715718679442,
        0.16486203994152515
      ],
      [
        0.9528285027850958,
        0.01262651206518248,
        0.03454498514972159
      ],
      [
        0.7091584199052354,
        0.03852641903730994,
        0.2523151610574546
      ],
      [
        0.9747081077908475,
        0.01185207559281072,
        0.013439816616341733
      ],
      [
        0.8254168907313434,
        0.06645942428794294,
        0.10812368498071367
      ],
      [
        0.6057278415322999,
        0.3303338030748765,
        0.06393835539282369
      ],
      [
        0.872062374343799,
        0.051839319915910176,
        0.07609830574029088
      ],
      [
        0.45345365411197647,
        0.39335758579067426,
        0.15318876009734927
      ],
      [
        0.9680038900039646,
        0.009571510744738616,
        0.022424599251296858
      ],
      [
        0.363739584440031,
        0.4516715309570701,
        0.18458888460289888
      ],
      [
        0.627047509896893,
        0.34367273957581634,
        0.029279750527290777
      ],
      [
        0.8700983067066772,
        0.060910968980199334,
        0.06899072431312354
      ],
      [
        0.9055981262966443,
        0.031337620996515936,
        0.06306425270683963
      ],
      [
        0.7845310139183799,
        0.16564470417100446,
        0.04982428191061565
      ],
      [
        0.7922484441499502,
        0.08004775319428814,
        0.12770380265576176
      ],
      [
        0.815239928416195,
        0.09348995193688914,
        0.09127011964691593
      ],
      [
        0.528970850385865,
        0.3602196129390972,
        0.11080953667503779
      ],
      [
        0.8585969644454755,
        0.0952884704891391,
        0.04611456506538555
      ],
      [
        0.3303958443667142,
        0.49666318320281055,
        0.17294097243047532
      ],
      [
        0.8313539239593509,
        0.07507202229401176,
        0.09357405374663727
      ],
      [
        0.8744125370639708,
        0.017345304462935397,
        0.1082421584730937
      ],
      [
        0.8263583853561599,
        0.11535187145902254,
        0.058289743184817645
      ],
      [
        0.5967325820508185,
        0.37429030299085536,
        0.02897711495832616
      ],
      [
        0.8590513026585849,
        0.09317843332993593,
        0.047770264011479234
      ],
      [
        0.5611561740912411,
        0.3273376211409339,
        0.11150620476782505
      ],
      [
        0.9034660012562569,
        0.021840258222167182,
        0.07469374052157607
      ],
      [
        0.7919760600567128,
        0.15932006766178575,
        0.04870387228150134
      ],
      [
        0.8941904706041103,
        0.06430451777801487,
        0.04150501161787488
      ],
      [
        0.8878728833526104,
        0.08686577025859128,
        0.025261346388798327
      ],
      [
        0.6842946166144716,
        0.20229465481283584,
        0.1134107285726925
      ],
      [
        0.6635620853853209,
        0.16332325864809874,
        0.1731146559665804
      ],
      [
        0.8745623054489561,
        0.06649356541632453,
        0.058944129134719456
      ],
      [
        0.949306035458375,
        0.026597130017199253,
        0.02409683452442563
      ],
      [
        0.8016647680809956,
        0.037009883788329694,
        0.16132534813067476
      ],
      [
        0.8531363502152108,
        0.0461064237734329,
        0.1007572260113564
      ],
      [
        0.4608484238914599,
        0.5015987874384749,
        0.037552788670065285
      ],
      [
        0.9385991745938942,
        0.027107273064621837,
        0.03429355234148398
      ],
      [
        0.8120222418259281,
        0.0770756526912998,
        0.11090210548277203
      ],
      [
        0.44644960625590785,
        0.08005491268551806,
        0.47349548105857414
      ],
      [
        0.949697218402039,
        0.024602364172182263,
        0.025700417425778548
      ],
      [
        0.8512846631821009,
        0.03164026258966342,
        0.11707507422823574
      ],
      [
        0.8375676851875685,
        0.10068276185489757,
        0.06174955295753374
      ],
      [
        0.7526470367610024,
        0.05632860211082114,
        0.19102436112817642
      ],
      [
        0.5886552399123889,
        0.36556451543833973,
        0.04578024464927138
      ],
      [
        0.9795622616330786,
        0.007714085022097564,
        0.012723653344823857
      ],
      [
        0.7945316835922004,
        0.08683964728931318,
        0.11862866911848659
      ],
      [
        0.9576586893413855,
        0.014363072880402485,
        0.027978237778211873
      ],
      [
        0.6104607669530975,
        0.22922850705299325,
        0.1603107259939093
      ],
      [
        0.5969681463427629,
        0.27827882222895656,
        0.12475303142828056
      ],
      [
        0.5826899054415317,
        0.23895306769294214,
        0.17835702686552624
      ],
      [
        0.7413097301101809,
        0.09704281289250923,
        0.16164745699731
      ],
      [
        0.9735552244458237,
        0.017647669613072584,
        0.008797105941103918
      ],
      [
        0.7665796141644388,
        0.13687094225055177,
        0.09654944358500964
      ],
      [
        0.932162739042172,
        0.0070215818306967985,
        0.06081567912713137
      ],
      [
        0.89559135160977,
        0.042340189730137846,
        0.06206845866009212
      ],
      [
        0.4026409546525163,
        0.3677157827270583,
        0.22964326262042536
      ],
      [
        0.7939145461182814,
        0.11051050880145478,
        0.09557494508026379
      ],
      [
        0.778661327674653,
        0.11136209543600839,
        0.10997657688933862
      ],
      [
        0.5843161617253343,
        0.22661336097940346,
        0.18907047729526227
      ],
      [
        0.8832305260683955,
        0.03390050472351843,
        0.08286896920808592
      ],
      [
        0.7406969552675803,
        0.14900231352024645,
        0.11030073121217317
      ],
      [
        0.4890178347959903,
        0.47678209942640837,
        0.034200065777601416
      ],
      [
        0.8311475956516412,
        0.0067904914394175805,
        0.1620619129089412
      ],
      [
        0.8463704653838592,
        0.1062201742408364,
        0.047409360375304514
      ],
      [
        0.8904167170025515,
        0.042590036383377,
        0.06699324661407141
      ],
      [
        0.6751362945701554,
        0.16403423128866623,
        0.16082947414117837
      ],
      [
        0.45235032106746026,
        0.44574766743329836,
        0.10190201149924137
      ],
      [
        0.860841240247002,
        0.047221432632286495,
        0.09193732712071138
      ],
      [
        0.9174971064924254,
        0.06243134918747094,
        0.02007154432010379
      ],
      [
        0.34584136785504976,
        0.5968677007947036,
        0.057290931350246564
      ],
      [
        0.9047800715660695,
        0.06169767364381208,
        0.033522254790118354
      ],
      [
        0.6294619151879682,
        0.2658729762111361,
        0.10466510860089567
      ],
      [
        0.8137531153928554,
        0.07286694753635223,
        0.11337993707079226
      ],
      [
        0.7676905376244649,
        0.014270158982232975,
        0.218039303393302
      ],
      [
        0.8266729812688687,
        0.13962568220303379,
        0.033701336528097516
      ],
      [
        0.7185011707218218,
        0.07252766171546843,
        0.20897116756270967
      ],
      [
        0.8941934275300246,
        0.03575688601405876,
        0.07004968645591665
      ],
      [
        0.3956471059583488,
        0.5268467964902395,
        0.07750609755141173
      ],
      [
        0.7108077728653954,
        0.20171247006617968,
        0.0874797570684249
      ],
      [
        0.90158084180628,
        0.0675817707986822,
        0.03083738739503772
      ],
      [
        0.936180846234909,
        0.0420768867264127,
        0.021742267038678136
      ],
      [
        0.8590776134949241,
        0.07757300775781595,
        0.06334937874725992
      ],
      [
        0.8350182904033593,
        0.1047249852153434,
        0.06025672438129733
      ],
      [
        0.9169704965967458,
        0.017245507448681644,
        0.06578399595457259
      ],
      [
        0.8441327895710888,
        0.04212653824751586,
        0.11374067218139533
      ],
      [
        0.6005213905210894,
        0.36981966755384965,
        0.029658941925060838
      ],
      [
        0.7521083675315982,
        0.2119068035026734,
        0.03598482896572844
      ],
      [
        0.9454492736466535,
        0.003655836903884344,
        0.05089488944946216
      ],
      [
        0.9443027437327949,
        0.037531861458280136,
        0.018165394808924956
      ],
      [
        0.9327510496423032,
        0.02615738584088731,
        0.04109156451680957
      ],
      [
        0.895984793174341,
        0.0658520856332353,
        0.03816312119242373
      ],
      [
        0.6744686582363779,
