{
  "model_name": "Gradient Boosting",
  "mode": "default_parameters",
  "cv_results": {
    "accuracy": {
      "mean": 0.6595652173913044,
      "std": 0.017150506889840024,
      "scores": [
        0.6565217391304348,
        0.691304347826087,
        0.6434782608695652,
        0.6456521739130435,
        0.6608695652173913
      ]
    },
    "precision": {
      "mean": NaN,
      "std": NaN,
      "scores": [
        NaN,
        NaN,
        NaN,
        NaN,
        NaN
      ]
    },
    "recall": {
      "mean": NaN,
      "std": NaN,
      "scores": [
        NaN,
        NaN,
        NaN,
        NaN,
        NaN
      ]
    },
    "f1": {
      "mean": NaN,
      "std": NaN,
      "scores": [
        NaN,
        NaN,
        NaN,
        NaN,
        NaN
      ]
    },
    "roc_auc": {
      "mean": NaN,
      "std": NaN,
      "scores": [
        NaN,
        NaN,
        NaN,
        NaN,
        NaN
      ]
    },
    "pr_auc": {
      "mean": 0.40792559034810116,
      "std": 0.0389579200769019,
      "scores": [
        0.39042280591481626,
        0.4775695193746678,
        0.38646780462354674,
        0.3651904578046327,
        0.4199773640228423
      ]
    }
  },
  "test_metrics": {
    "accuracy": 0.6660869565217391,
    "precision": 0.6730022638487784,
    "recall": 0.6660869565217391,
    "f1": 0.5654999693346401,
    "roc_auc": 0.5947889402281208,
    "pr_auc": 0.5757625270962431,
    "classification_report": "              accuracy   precision    recall    f1-score   roc_auc    pr_auc\n\n     Class 0       0.6661      0.6801     0.9662     0.7983     0.5931     0.7397\n     Class 1       0.6661      0.3704     0.0971     0.1538     0.6541     0.2998\n     Class 2       0.6661      1.0000     0.0115     0.0227     0.5322     0.1771\n\n   macro avg       0.6661      0.6835     0.3583     0.3250     0.5931163889955036     0.4055310069769155\nweighted avg       0.6661      0.6730     0.6661     0.5655     0.5947889402281208     0.5757625270962431\n"
  },
  "parameters": {
    "memory": "None",
    "steps": "[('scaler', StandardScaler()), ('classifier', GradientBoostingClassifier(random_state=42))]",
    "transform_input": "None",
    "verbose": "False",
    "scaler": "StandardScaler()",
    "classifier": "GradientBoostingClassifier(random_state=42)",
    "scaler__copy": "True",
    "scaler__with_mean": "True",
    "scaler__with_std": "True",
    "classifier__ccp_alpha": "0.0",
    "classifier__criterion": "friedman_mse",
    "classifier__init": "None",
    "classifier__learning_rate": "0.1",
    "classifier__loss": "log_loss",
    "classifier__max_depth": "3",
    "classifier__max_features": "None",
    "classifier__max_leaf_nodes": "None",
    "classifier__min_impurity_decrease": "0.0",
    "classifier__min_samples_leaf": "1",
    "classifier__min_samples_split": "2",
    "classifier__min_weight_fraction_leaf": "0.0",
    "classifier__n_estimators": "100",
    "classifier__n_iter_no_change": "None",
    "classifier__random_state": "42",
    "classifier__subsample": "1.0",
    "classifier__tol": "0.0001",
    "classifier__validation_fraction": "0.1",
    "classifier__verbose": "0",
    "classifier__warm_start": "False"
  },
  "timestamp": "20251107_221514",
  "test_predictions": {
    "y_true": [
      2,
      0,
      0,
      0,
      1,
      0,
      2,
      0,
      2,
      0,
      0,
      2,
      0,
      0,
      1,
      0,
      0,
      0,
      0,
      0,
      0,
      0,
      0,
      0,
      0,
      1,
      2,
      0,
      0,
      0,
      0,
      0,
      1,
      0,
      2,
      0,
      0,
      0,
      0,
      0,
      2,
      0,
      0,
      0,
      0,
      0,
      1,
      2,
      0,
      0,
      0,
      1,
      0,
      1,
      0,
      0,
      0,
      0,
      1,
      1,
      0,
      2,
      1,
      0,
      2,
      2,
      1,
      0,
      2,
      2,
      0,
      0,
      0,
      0,
      1,
      1,
      0,
      1,
      0,
      2,
      0,
      2,
      0,
      0,
      0,
      2,
      1,
      1,
      0,
      0,
      0,
      0,
      0,
      1,
      0,
      1,
      0,
      0,
      2,
      0,
      2,
      0,
      0,
      0,
      0,
      2,
      2,
      2,
      0,
      0,
      0,
      0,
      0,
      0,
      1,
      0,
      0,
      0,
      0,
      2,
      1,
      0,
      0,
      2,
      2,
      2,
      0,
      0,
      0,
      0,
      0,
      0,
      1,
      2,
      0,
      0,
      0,
      0,
      2,
      0,
      0,
      0,
      0,
      0,
      0,
      0,
      0,
      0,
      0,
      1,
      0,
      0,
      2,
      0,
      0,
      2,
      0,
      1,
      0,
      0,
      0,
      2,
      0,
      1,
      0,
      0,
      0,
      2,
      0,
      1,
      1,
      1,
      0,
      0,
      0,
      1,
      0,
      2,
      0,
      2,
      0,
      0,
      2,
      0,
      0,
      0,
      0,
      0,
      2,
      1,
      0,
      0,
      0,
      1,
      0,
      2,
      0,
      1,
      2,
      0,
      1,
      0,
      0,
      0,
      1,
      1,
      0,
      0,
      0,
      0,
      1,
      0,
      0,
      0,
      1,
      0,
      0,
      0,
      0,
      1,
      1,
      0,
      0,
      0,
      0,
      1,
      0,
      0,
      1,
      2,
      0,
      1,
      0,
      0,
      0,
      1,
      0,
      0,
      0,
      2,
      0,
      1,
      0,
      0,
      0,
      1,
      0,
      0,
      0,
      0,
      0,
      0,
      1,
      1,
      1,
      0,
      2,
      0,
      1,
      0,
      0,
      0,
      0,
      1,
      0,
      0,
      0,
      0,
      1,
      0,
      0,
      0,
      0,
      0,
      0,
      1,
      0,
      0,
      2,
      0,
      0,
      0,
      1,
      0,
      0,
      0,
      0,
      2,
      0,
      0,
      0,
      0,
      0,
      2,
      2,
      0,
      0,
      0,
      2,
      1,
      0,
      0,
      1,
      2,
      0,
      0,
      1,
      0,
      0,
      0,
      0,
      0,
      0,
      0,
      2,
      0,
      0,
      0,
      0,
      0,
      2,
      1,
      0,
      0,
      1,
      0,
      0,
      2,
      2,
      0,
      0,
      0,
      0,
      1,
      0,
      1,
      1,
      0,
      0,
      0,
      0,
      1,
      0,
      0,
      0,
      0,
      0,
      0,
      2,
      0,
      0,
      2,
      0,
      2,
      0,
      2,
      0,
      0,
      0,
      1,
      2,
      1,
      0,
      0,
      0,
      1,
      0,
      0,
      1,
      0,
      0,
      0,
      0,
      0,
      0,
      0,
      1,
      0,
      1,
      1,
      0,
      1,
      0,
      1,
      1,
      0,
      0,
      2,
      0,
      0,
      1,
      0,
      1,
      1,
      2,
      1,
      0,
      2,
      2,
      0,
      1,
      0,
      2,
      2,
      0,
      0,
      1,
      0,
      0,
      2,
      0,
      0,
      1,
      0,
      0,
      0,
      2,
      0,
      2,
      0,
      0,
      0,
      0,
      2,
      0,
      0,
      0,
      1,
      0,
      0,
      1,
      0,
      0,
      0,
      0,
      0,
      0,
      0,
      0,
      0,
      0,
      0,
      1,
      1,
      0,
      0,
      0,
      0,
      1,
      0,
      0,
      0,
      0,
      1,
      0,
      0,
      2,
      0,
      0,
      0,
      2,
      2,
      0,
      0,
      0,
      1,
      0,
      2,
      0,
      1,
      0,
      1,
      1,
      2,
      1,
      0,
      0,
      0,
      1,
      0,
      0,
      1,
      0,
      0,
      0,
      0,
      2,
      1,
      0,
      0,
      0,
      2,
      0,
      0,
      0,
      2,
      1,
      0,
      0,
      0,
      0,
      0,
      2,
      2,
      2,
      0,
      0,
      2,
      0,
      2,
      0,
      0,
      0,
      0,
      0,
      0,
      2,
      0,
      0,
      0,
      0,
      0,
      0,
      2,
      0,
      0,
      1,
      1,
      1,
      1,
      0,
      0,
      0,
      0,
      0,
      0,
      0,
      0,
      1,
      0,
      1,
      0,
      0,
      2,
      0,
      2,
      0,
      0,
      0,
      1,
      0,
      0,
      0,
      0,
      0,
      0,
      0,
      0,
      0,
      2,
      0,
      2,
      2,
      0,
      2,
      0,
      0,
      0,
      0,
      2,
      0,
      1,
      1,
      1,
      0
    ],
    "y_pred": [
      0,
      0,
      0,
      0,
      0,
      0,
      0,
      0,
      0,
      0,
      0,
      0,
      0,
      0,
      0,
      0,
      0,
      0,
      0,
      0,
      0,
      0,
      0,
      0,
      0,
      0,
      0,
      0,
      0,
      0,
      0,
      0,
      0,
      0,
      0,
      0,
      0,
      0,
      0,
      0,
      0,
      0,
      0,
      0,
      0,
      0,
      0,
      1,
      0,
      0,
      0,
      1,
      0,
      0,
      0,
      0,
      0,
      0,
      0,
      0,
      0,
      0,
      0,
      0,
      0,
      0,
      0,
      0,
      0,
      0,
      0,
      0,
      0,
      0,
      0,
      0,
      0,
      0,
      0,
      0,
      0,
      0,
      0,
      0,
      0,
      0,
      0,
      0,
      0,
      0,
      0,
      0,
      0,
      0,
      0,
      0,
      0,
      0,
      0,
      0,
      0,
      0,
      1,
      0,
      0,
      0,
      0,
      1,
      0,
      0,
      0,
      0,
      0,
      0,
      0,
      0,
      0,
      0,
      0,
      0,
      0,
      0,
      0,
      0,
      0,
      0,
      0,
      1,
      0,
      0,
      0,
      0,
      0,
      1,
      0,
      0,
      0,
      0,
      0,
      0,
      0,
      0,
      0,
      0,
      0,
      0,
      0,
      0,
      0,
      0,
      0,
      0,
      0,
      0,
      0,
      0,
      0,
      0,
      0,
      0,
      0,
      0,
      0,
      0,
      0,
      0,
      0,
      0,
      1,
      1,
      0,
      0,
      0,
      0,
      0,
      0,
      0,
      0,
      0,
      0,
      0,
      0,
      0,
      0,
      1,
      0,
      0,
      0,
      0,
      0,
      0,
      0,
      0,
      0,
      0,
      2,
      0,
      0,
      0,
      0,
      0,
      0,
      0,
      0,
      1,
      0,
      0,
      0,
      0,
      0,
      0,
      0,
      0,
      0,
      0,
      0,
      0,
      0,
      0,
      1,
      0,
      0,
      0,
      0,
      0,
      0,
      0,
      0,
      0,
      0,
      0,
      0,
      0,
      0,
      0,
      0,
      0,
      0,
      0,
      0,
      0,
      0,
      0,
      0,
      0,
      0,
      0,
      0,
      0,
      0,
      0,
      0,
      0,
      0,
      0,
      0,
      0,
      0,
      0,
      0,
      0,
      0,
      0,
      0,
      0,
      0,
      0,
      0,
      0,
      0,
      0,
      0,
      0,
      0,
      0,
      0,
      0,
      0,
      0,
      0,
      0,
      0,
      0,
      0,
      0,
      0,
      0,
      0,
      0,
      0,
      0,
      0,
      0,
      0,
      0,
      0,
      0,
      0,
      0,
      0,
      0,
      0,
      0,
      0,
      0,
      0,
      0,
      0,
      0,
      0,
      0,
      0,
      0,
      0,
      0,
      0,
      0,
      0,
      0,
      0,
      0,
      0,
      0,
      1,
      0,
      0,
      0,
      0,
      0,
      0,
      0,
      0,
      0,
      1,
      0,
      0,
      1,
      0,
      0,
      0,
      0,
      0,
      0,
      0,
      0,
      0,
      0,
      0,
      0,
      0,
      0,
      0,
      0,
      0,
      0,
      0,
      0,
      0,
      0,
      0,
      0,
      0,
      0,
      0,
      0,
      1,
      0,
      0,
      0,
      0,
      0,
      0,
      0,
      0,
      0,
      0,
      0,
      0,
      0,
      0,
      0,
      0,
      0,
      0,
      0,
      0,
      0,
      0,
      0,
      0,
      0,
      0,
      0,
      0,
      0,
      0,
      0,
      0,
      0,
      0,
      0,
      0,
      0,
      0,
      0,
      0,
      0,
      0,
      0,
      0,
      0,
      0,
      0,
      0,
      0,
      0,
      0,
      0,
      0,
      0,
      0,
      0,
      0,
      1,
      0,
      0,
      0,
      0,
      0,
      0,
      0,
      0,
      0,
      0,
      0,
      0,
      0,
      0,
      0,
      0,
      0,
      0,
      0,
      0,
      0,
      0,
      0,
      0,
      0,
      0,
      0,
      0,
      0,
      1,
      0,
      0,
      0,
      0,
      0,
      0,
      0,
      0,
      0,
      0,
      0,
      0,
      0,
      0,
      0,
      0,
      0,
      0,
      1,
      0,
      0,
      0,
      0,
      0,
      0,
      1,
      1,
      0,
      0,
      0,
      1,
      0,
      0,
      0,
      0,
      0,
      0,
      0,
      0,
      0,
      0,
      0,
      0,
      0,
      0,
      0,
      0,
      0,
      0,
      0,
      0,
      0,
      0,
      0,
      0,
      0,
      0,
      0,
      0,
      0,
      0,
      0,
      0,
      0,
      1,
      1,
      0,
      0,
      0,
      0,
      0,
      0,
      0,
      0,
      0,
      0,
      0,
      1,
      0,
      0,
      0,
      0,
      0,
      0,
      0,
      0,
      0,
      0,
      1,
      0,
      0,
      0,
      0,
      0,
      0,
      0,
      0,
      0,
      0,
      0,
      0,
      0,
      0,
      0,
      0,
      0,
      0,
      0,
      0,
      0,
      0,
      1,
      0,
      0,
      0,
      0,
      0,
      0,
      0,
      1,
      0
    ],
    "y_pred_proba": [
      [
        0.6672600108307665,
        0.14626309839984855,
        0.18647689076938503
      ],
      [
        0.8197227569899554,
        0.07661820062595942,
        0.10365904238408513
      ],
      [
        0.6707157253717504,
        0.19622007445340645,
        0.13306420017484313
      ],
      [
        0.6412829246227651,
        0.2115149315486595,
        0.1472021438285754
      ],
      [
        0.4585945628546688,
        0.4338375278949965,
        0.10756790925033473
      ],
      [
        0.7624037629746933,
        0.09845843494439507,
        0.13913780208091178
      ],
      [
        0.7786300195097193,
        0.07778336108766735,
        0.14358661940261327
      ],
      [
        0.8672721653656241,
        0.05345355556131794,
        0.07927427907305791
      ],
      [
        0.7235311061521551,
        0.1502558177240654,
        0.12621307612377952
      ],
      [
        0.781325039756543,
        0.14931318916251254,
        0.06936177108094455
      ],
      [
        0.7972417322628349,
        0.07594378966428422,
        0.12681447807288096
      ],
      [
        0.6630552254796981,
        0.1662096367954838,
        0.1707351377248182
      ],
      [
        0.8391401785760139,
        0.060535717618160415,
        0.10032410380582572
      ],
      [
        0.5684236318960492,
        0.3136185394535725,
        0.11795782865037836
      ],
      [
        0.5471585021438666,
        0.1537134632643653,
        0.29912803459176796
      ],
      [
        0.7516705222149127,
        0.1259444568102873,
        0.12238502097480009
      ],
      [
        0.7512317174399756,
        0.09817520853237328,
        0.15059307402765104
      ],
      [
        0.795566740540361,
        0.0745725302175444,
        0.12986072924209452
      ],
      [
        0.7659114923876998,
        0.11535331687547429,
        0.11873519073682598
      ],
      [
        0.7743802082108757,
        0.11838846361508995,
        0.1072313281740344
      ],
      [
        0.6553790717204908,
        0.1874585676474681,
        0.1571623606320411
      ],
      [
        0.7537108085494433,
        0.07924448843798206,
        0.16704470301257468
      ],
      [
        0.6764622441396667,
        0.1588919056128902,
        0.16464585024744305
      ],
      [
        0.9349860431774529,
        0.021112476408931404,
        0.043901480413615565
      ],
      [
        0.7381432380718279,
        0.12887851711921047,
        0.13297824480896162
      ],
      [
        0.7364298791857439,
        0.14960661672633896,
        0.11396350408791715
      ],
      [
        0.7409908527388478,
        0.13884656269046897,
        0.1201625845706831
      ],
      [
        0.44636789845333374,
        0.29637487032745063,
        0.2572572312192156
      ],
      [
        0.8838908193742178,
        0.043254945765449825,
        0.07285423486033243
      ],
      [
        0.5118448198044595,
        0.2471133473358973,
        0.24104183285964334
      ],
      [
        0.7450813108562825,
        0.1452575520905527,
        0.10966113705316483
      ],
      [
        0.7820835732570734,
        0.06761081174481455,
        0.1503056149981119
      ],
      [
        0.7213986703171539,
        0.20666157867830892,
        0.07193975100453726
      ],
      [
        0.6944559909656606,
        0.19490887333465634,
        0.11063513569968297
      ],
      [
        0.761881905268732,
        0.1362639302831955,
        0.10185416444807263
      ],
      [
        0.8714001939710181,
        0.04712331423882933,
        0.08147649179015258
      ],
      [
        0.8100571328968582,
        0.09848135852496011,
        0.09146150857818157
      ],
      [
        0.7479297235009116,
        0.11801820580436975,
        0.13405207069471867
      ],
      [
        0.7187124367170541,
        0.14045271365890613,
        0.1408348496240398
      ],
      [
        0.7546839361526754,
        0.08056539294417576,
        0.16475067090314896
      ],
      [
        0.5734565596622961,
        0.28303853560771364,
        0.14350490472999028
      ],
      [
        0.5664547212327391,
        0.2881801520353272,
        0.14536512673193372
      ],
      [
        0.45630865685504524,
        0.4084848563574961,
        0.13520648678745878
      ],
      [
        0.8560556476340326,
        0.057411722822295126,
        0.08653262954367213
      ],
      [
        0.680759988686529,
        0.2250067767134204,
        0.09423323460005058
      ],
      [
        0.8305444651252896,
        0.07137207877691949,
        0.09808345609779101
      ],
      [
        0.6553790717204908,
        0.1874585676474681,
        0.1571623606320411
      ],
      [
        0.3746946311120241,
        0.4146958533629235,
        0.21060951552505242
      ],
      [
        0.5546873323782978,
        0.20727401632528084,
        0.23803865129642138
      ],
      [
        0.726354855432282,
        0.0911594353892001,
        0.18248570917851803
      ],
      [
        0.7927175375791236,
        0.0659768864064066,
        0.14130557601446983
      ],
      [
        0.2599890606594232,
        0.3899823604997875,
        0.3500285788407893
      ],
      [
        0.64349415295187,
        0.056977137720552094,
        0.29952870932757797
      ],
      [
        0.6865319294758,
        0.17362695652030946,
        0.1398411140038906
      ],
      [
        0.5955054387433797,
        0.18988391691840367,
        0.2146106443382167
      ],
      [
        0.7707045181641834,
        0.07410561429798196,
        0.15518986753783456
      ],
      [
        0.6962209789163318,
        0.15516170100741752,
        0.14861732007625073
      ],
      [
        0.716191219214955,
        0.1652445339435472,
        0.1185642468414977
      ],
      [
        0.7153562963550488,
        0.1252848280499802,
        0.15935887559497092
      ],
      [
        0.6553790717204908,
        0.1874585676474681,
        0.1571623606320411
      ],
      [
        0.6600032089149032,
        0.19996992728313898,
        0.14002686380195783
      ],
      [
        0.8255760767919471,
        0.09035879617475617,
        0.08406512703329659
      ],
      [
        0.5339222983888205,
        0.3405331971444028,
        0.12554450446677667
      ],
      [
        0.7489740907537573,
        0.12913004466096656,
        0.12189586458527624
      ],
      [
        0.7353948203597896,
        0.08241073498752759,
        0.18219444465268284
      ],
      [
        0.5384360047356944,
        0.17389534027459322,
        0.28766865498971234
      ],
      [
        0.7557558276489106,
        0.12313674813428373,
        0.12110742421680576
      ],
      [
        0.47978772690660876,
        0.39724530029077904,
        0.12296697280261205
      ],
      [
        0.687230708593238,
        0.07057400862985369,
        0.2421952827769082
      ],
      [
        0.7317322973827922,
        0.18157055273207354,
        0.08669714988513436
      ],
      [
        0.7366508985109923,
        0.10432892484302667,
        0.15902017664598106
      ],
      [
        0.6694176726022313,
        0.09304425934268795,
        0.23753806805508088
      ],
      [
        0.6211909347789515,
        0.1841231536322864,
        0.19468591158876217
      ],
      [
        0.5446066127498932,
        0.09521339835819496,
        0.3601799888919118
      ],
      [
        0.6616704157166475,
        0.1145100520837838,
        0.22381953219956874
      ],
      [
        0.8126166460126859,
        0.08413566634092252,
        0.10324768764639163
      ],
      [
        0.6344613787191464,
        0.21517040486307557,
        0.15036821641777803
      ],
      [
        0.619736409772991,
        0.2557824353372811,
        0.1244811548897277
      ],
      [
        0.751288930826545,
        0.08414280199392525,
        0.16456826717952966
      ],
      [
        0.525381542467037,
        0.3129383733580403,
        0.16168008417492255
      ],
      [
        0.8221617633526717,
        0.07543854793865677,
        0.10239968870867143
      ],
      [
        0.40198095088617875,
        0.3933556539861755,
        0.20466339512764584
      ],
      [
        0.7892142028572559,
        0.14526336988872812,
        0.06552242725401619
      ],
      [
        0.7608992935869759,
        0.14822776756743922,
        0.09087293884558491
      ],
      [
        0.8359907833344343,
        0.054590504186773664,
        0.10941871247879187
      ],
      [
        0.675068291972083,
        0.15323953182800445,
        0.17169217619991256
      ],
      [
        0.6140656040693921,
        0.16572795142485933,
        0.22020644450574847
      ],
      [
        0.7157214714956192,
        0.12443326636310142,
        0.15984526214127928
      ],
      [
        0.5415410416980693,
        0.33058617449339206,
        0.12787278380853878
      ],
      [
        0.729023463911164,
        0.15820307134011916,
        0.11277346474871676
      ],
      [
        0.6578539099454737,
        0.24213007604488038,
        0.100016014009646
      ],
      [
        0.6860797141930169,
        0.14146684161544223,
        0.17245344419154082
      ],
      [
        0.7358758410462416,
        0.07200722511146951,
        0.19211693384228898
      ],
      [
        0.6566812310864761,
        0.1910140709911504,
        0.15230469792237347
      ],
      [
        0.7146468362931763,
        0.1982122204661302,
        0.08714094324069345
      ],
      [
        0.7994459623182386,
        0.1263929463066405,
        0.07416109137512095
      ],
      [
        0.582717553857838,
        0.2732107525290699,
        0.1440716936130921
      ],
      [
        0.811073973595302,
        0.05530452111816253,
        0.13362150528653546
      ],
      [
        0.6019804782075143,
        0.27355549828920966,
        0.12446402350327603
      ],
      [
        0.7004977679199968,
        0.13340087124272804,
        0.16610136083727514
      ],
      [
        0.9276143726566858,
        0.035861987404247925,
        0.03652363993906616
      ],
      [
        0.7615574462619825,
        0.10969176934126328,
        0.12875078439675433
      ],
      [
        0.23458733807173623,
        0.698020521146876,
        0.0673921407813878
      ],
      [
        0.6998974434458882,
        0.19638923420441207,
        0.1037133223496998
      ],
      [
        0.6541385373968418,
        0.2570312398199925,
        0.08883022278316567
      ],
      [
        0.7599464145697894,
        0.12587695145140293,
        0.11417663397880773
      ],
      [
        0.7893921221720372,
        0.09178546357709877,
        0.11882241425086407
      ],
      [
        0.3984314253892701,
        0.5230901676240186,
        0.07847840698671117
      ],
      [
        0.9380052916256059,
        0.029248095735311674,
        0.03274661263908237
      ],
      [
        0.6767260891409509,
        0.1951500144624354,
        0.12812389639661384
      ],
      [
        0.6014820312140761,
        0.10978328097023664,
        0.28873468781568734
      ],
      [
        0.8887448007856815,
        0.07373620551517684,
        0.03751899369914161
      ],
      [
        0.7905839410235153,
        0.1201497069322669,
        0.08926635204421778
      ],
      [
        0.8368148615944005,
        0.0878322437085011,
        0.07535289469709851
      ],
      [
        0.7840381725994509,
        0.06970663187187313,
        0.14625519552867597
      ],
      [
        0.694473320381851,
        0.18995316350601082,
        0.11557351611213813
      ],
      [
        0.8197787089115781,
        0.07290806310159843,
        0.10731322798682333
      ],
      [
        0.7967385582616408,
        0.0849533417033593,
        0.11830810003499997
      ],
      [
        0.8715091248958796,
        0.05726699757813457,
        0.0712238775259858
      ],
      [
        0.5907463992997727,
        0.24942071042803454,
        0.15983289027219275
      ],
      [
        0.5344491271145873,
        0.29149846237122967,
        0.17405241051418305
      ],
      [
        0.47135231003693834,
        0.25024995081735485,
        0.27839773914570676
      ],
      [
        0.7789153070808907,
        0.07929472443510804,
        0.14178996848400124
      ],
      [
        0.8739423931825699,
        0.04246496146723652,
        0.08359264535019352
      ],
      [
        0.5620014970951829,
        0.13684202462422593,
        0.3011564782805913
      ],
      [
        0.9032112120819622,
        0.03217136089856277,
        0.06461742701947512
      ],
      [
        0.827579801229472,
        0.08433391743517796,
        0.08808628133535018
      ],
      [
        0.24089468392099617,
        0.6050669019937143,
        0.1540384140852896
      ],
      [
        0.664024613639728,
        0.2137712965807526,
        0.12220408977951956
      ],
      [
        0.7106437433694556,
        0.14818131889722758,
        0.1411749377333168
      ],
      [
        0.6553790717204908,
        0.1874585676474681,
        0.1571623606320411
      ],
      [
        0.774964096917881,
        0.0910986245199619,
        0.1339372785621571
      ],
      [
        0.6924874815670928,
        0.17124708778914458,
        0.13626543064376245
      ],
      [
        0.11470918973643342,
        0.8514301148126711,
        0.03386069545089553
      ],
      [
        0.817980721298756,
        0.06595829199885801,
        0.11606098670238604
      ],
      [
        0.8961310948910678,
        0.040245606157546646,
        0.06362329895138549
      ],
      [
        0.8150505084081734,
        0.09108674670581969,
        0.09386274488600695
      ],
      [
        0.7250937130379487,
        0.15923090112955257,
        0.1156753858324988
      ],
      [
        0.5329061708423292,
        0.2644698198951565,
        0.20262400926251434
      ],
      [
        0.8941590892007235,
        0.053705694580607276,
        0.05213521621866913
      ],
      [
        0.7867325011557182,
        0.14317448955551892,
        0.0700930092887627
      ],
      [
        0.4475268944461896,
        0.3446108202530024,
        0.20786228530080794
      ],
      [
        0.734881911302949,
        0.09852777192400783,
        0.16659031677304312
      ],
      [
        0.5763376132631829,
        0.2756738478753881,
        0.14798853886142907
      ],
      [
        0.6847882557815382,
        0.16547308684471776,
        0.1497386573737439
      ],
      [
        0.7966434689101219,
        0.045927904119388296,
        0.15742862697048976
      ],
      [
        0.6576109671005884,
        0.23418208026090045,
        0.10820695263851104
      ],
      [
        0.7837004355909796,
        0.11582396404924321,
        0.10047560035977739
      ],
      [
        0.7508748730654913,
        0.0950343694657571,
        0.15409075746875153
      ],
      [
        0.4235442373788725,
        0.3980774877124153,
        0.1783782749087123
      ],
      [
        0.6569962651554332,
        0.199317482851292,
        0.14368625199327473
      ],
      [
        0.8407282635053254,
        0.09923856243396487,
        0.06003317406070986
      ],
      [
        0.8444956857451187,
        0.06478395652141743,
        0.09072035773346393
      ],
      [
        0.7154720298351018,
        0.13284684758022852,
        0.15168112258466965
      ],
      [
        0.7025753133835585,
        0.15846045347416318,
        0.13896423314227835
      ],
      [
        0.8742611132962322,
        0.07027801337811923,
        0.05546087332564847
      ],
      [
        0.6881927445068718,
        0.15542704620075193,
        0.1563802092923763
      ],
      [
        0.729049730975342,
        0.1960045737879455,
        0.0749456952367126
      ],
      [
        0.8226149156057208,
        0.1031322989896524,
        0.07425278540462683
      ],
      [
        0.8621470265421337,
        0.043692854578686414,
        0.0941601188791797
      ],
      [
        0.7776130811090999,
        0.14946868548698136,
        0.07291823340391873
      ],
      [
        0.7872564376656085,
        0.06438345667447865,
        0.1483601056599128
      ],
      [
        0.6956640165791408,
        0.14324800351919698,
        0.16108797990166224
      ],
      [
        0.8161033080191493,
        0.09913019769071937,
        0.08476649429013136
      ],
      [
        0.9522402542122217,
        0.026044137241821173,
        0.021715608545957176
      ],
      [
        0.8798543174502408,
        0.04585228814209505,
        0.07429339440766428
      ],
      [
        0.8247900682726302,
        0.0515950218692166,
        0.12361490985815309
      ],
      [
        0.5728798586602641,
        0.28203335560200143,
        0.14508678573773437
      ],
      [
        0.37345866364758845,
        0.4938514043658756,
        0.13268993198653584
      ],
      [
        0.2255112568997228,
        0.6517059443240115,
        0.12278279877626559
      ],
      [
        0.6206696204685619,
        0.2685200189385804,
        0.11081036059285783
      ],
      [
        0.6553790717204908,
        0.1874585676474681,
        0.1571623606320411
      ],
      [
        0.5161311164056839,
        0.08817405653714519,
        0.39569482705717085
      ],
      [
        0.6699883485050124,
        0.1634024362283027,
        0.1666092152666849
      ],
      [
        0.7856158899285204,
        0.08839058012365068,
        0.12599352994782897
      ],
      [
        0.8531028868766538,
        0.03835012846313145,
        0.10854698466021453
      ],
      [
        0.6553790717204908,
        0.1874585676474681,
        0.1571623606320411
      ],
      [
        0.5807816150332646,
        0.35290928276658134,
        0.06630910220015397
      ],
      [
        0.8363843179954829,
        0.058580208420859356,
        0.10503547358365783
      ],
      [
        0.6553790717204908,
        0.1874585676474681,
        0.1571623606320411
      ],
      [
        0.7505875962779348,
        0.10014510119855939,
        0.14926730252350578
      ],
      [
        0.6237364743871837,
        0.260078024673848,
        0.11618550093896833
      ],
      [
        0.6907698403873082,
        0.15643400702485918,
        0.15279615258783266
      ],
      [
        0.8414524830196578,
        0.07116961073553393,
        0.08737790624480825
      ],
      [
        0.3058864874130204,
        0.6347006800844258,
        0.059412832502553775
      ],
      [
        0.685645862816745,
        0.20907745385034818,
        0.10527668333290674
      ],
      [
        0.6070407687461808,
        0.09986712573027906,
        0.29309210552354004
      ],
      [
        0.6671494275715929,
        0.14973715753894126,
        0.18311341488946584
      ],
      [
        0.5857899909516302,
        0.2202191037733797,
        0.19399090527499013
      ],
      [
        0.692421107801824,
        0.06212462483712141,
        0.2454542673610547
      ],
      [
        0.8650789452844732,
        0.05235783332345046,
        0.08256322139207635
      ],
      [
        0.6910451925158407,
        0.14159746897358536,
        0.16735733851057386
      ],
      [
        0.8436286851491114,
        0.039455463234242864,
        0.11691585161664575
      ],
      [
        0.7507025777252925,
        0.17195946713232085,
        0.07733795514238666
      ],
      [
        0.8040585518644009,
        0.08724724100629913,
        0.10869420712930007
      ],
      [
        0.2915317921505279,
        0.34236707780498804,
        0.36610113004448414
      ],
      [
        0.7820110970795897,
        0.09156934705568984,
        0.1264195558647205
      ],
      [
        0.6556164336004626,
        0.21182847448054629,
        0.13255509191899106
      ],
      [
        0.8490968489059679,
        0.061296676399498484,
        0.08960647469453357
      ],
      [
        0.9107271609804473,
        0.04286229938447852,
        0.04641053963507428
      ],
      [
        0.4585188630675331,
        0.4249878576322302,
        0.11649327930023663
      ],
      [
        0.4921704020606901,
        0.25035962292352426,
        0.25746997501578556
      ],
      [
        0.5313079242909002,
        0.2895281722082157,
        0.17916390350088401
      ],
      [
        0.8449777337021412,
        0.068852957460706,
        0.08616930883715289
      ],
      [
        0.2630651252044659,
        0.6772170135141843,
        0.05971786128135001
      ],
      [
        0.6476139695559141,
        0.18454050382864604,
        0.16784552661543986
      ],
      [
        0.6318811823299533,
        0.19337254104769586,
        0.17474627662235076
      ],
      [
        0.6588793939300087,
        0.18314741405125068,
        0.15797319201874072
      ],
      [
        0.721136532083292,
        0.1588315640335987,
        0.12003190388310926
      ],
      [
        0.466535827059281,
        0.352582554815905,
        0.18088161812481393
      ],
      [
        0.9046044103797514,
        0.0717301721303249,
        0.02366541748992366
      ],
      [
        0.6039695069799024,
        0.15249749059729786,
        0.24353300242279985
      ],
      [
        0.7014100501099482,
        0.1707257206987526,
        0.12786422919129922
      ],
      [
        0.7499653887090866,
        0.1624220449818682,
        0.0876125663090453
      ],
      [
        0.4981957961351211,
        0.28515370833717296,
        0.21665049552770596
      ],
      [
        0.6620135050374922,
        0.21216288364901784,
        0.12582361131348993
      ],
      [
        0.6553790717204908,
        0.1874585676474681,
        0.1571623606320411
      ],
      [
        0.9554152909526977,
        0.015300149872538657,
        0.029284559174763653
      ],
      [
        0.7234134969812414,
        0.1097802325720339,
        0.16680627044672477
      ],
      [
        0.28565737688868953,
        0.4345706331477649,
        0.27977198996354546
      ],
      [
        0.4811350238474521,
        0.30066222956453054,
        0.2182027465880173
      ],
      [
        0.9302427437105654,
        0.02973174947425432,
        0.040025506815180315
      ],
      [
        0.6240304100435298,
        0.21855419344606314,
        0.1574153965104071
      ],
      [
        0.8107305236069304,
        0.1349582254755036,
        0.054311250917565966
      ],
      [
        0.5877400009465362,
        0.20939031442550188,
        0.20286968462796182
      ],
      [
        0.6913725600504962,
        0.1771570728514645,
        0.13147036709803925
      ],
      [
        0.6064565740498096,
        0.2652999875849926,
        0.12824343836519775
      ],
      [
        0.7318837352735265,
        0.1554253367094419,
        0.11269092801703155
      ],
      [
        0.7730728302252422,
        0.10186192583837414,
        0.12506524393638369
      ],
      [
        0.8202317115810038,
        0.09321130414770072,
        0.08655698427129532
      ],
      [
        0.724484701620908,
        0.16579382896705183,
        0.10972146941204011
      ],
      [
        0.7554893828980764,
        0.13663347840062862,
        0.10787713870129506
      ],
      [
        0.795234079418697,
        0.08860525879530261,
        0.11616066178600055
      ],
      [
        0.8403524882155691,
        0.06923888443749705,
        0.09040862734693399
      ],
      [
        0.8698315522561562,
        0.07881875835381848,
        0.051349689390025495
      ],
      [
        0.8289656407651268,
        0.07204947870685212,
        0.09898488052802097
      ],
      [
        0.6553790717204908,
        0.1874585676474681,
        0.1571623606320411
      ],
      [
        0.610035595695966,
        0.09696488513525335,
        0.2929995191687806
      ],
      [
        0.6356412386008365,
        0.25455559488739865,
        0.10980316651176471
      ],
      [
        0.7340790279226079,
        0.1250525101028858,
        0.14086846197450628
      ],
      [
        0.6689319886655781,
        0.220898799228075,
        0.1101692121063468
      ],
      [
        0.4719115185148556,
        0.3171860158654176,
        0.2109024656197268
      ],
      [
        0.6553790717204908,
        0.1874585676474681,
        0.1571623606320411
      ],
      [
        0.7122367530335969,
        0.13306600221289952,
        0.1546972447535036
      ],
      [
        0.8359449154646824,
        0.06961153638569367,
        0.094443548149624
      ],
      [
        0.8657979533631543,
        0.06550095801086758,
        0.0687010886259781
      ],
      [
        0.6137018391139424,
        0.263625120940815,
        0.12267303994524253
      ],
      [
        0.7067161866358983,
        0.15083024510595797,
        0.14245356825814376
      ],
      [
        0.5220524301422801,
        0.415826407826317,
        0.06212116203140297
      ],
      [
        0.783061346052978,
        0.07936985930421223,
        0.13756879464280974
      ],
      [
        0.6909630787310591,
        0.19880904736493712,
        0.11022787390400386
      ],
      [
        0.6765350547997085,
        0.1718810265236443,
        0.1515839186766472
      ],
      [
        0.4717749533908745,
        0.30836585986669746,
        0.21985918674242808
      ],
      [
        0.8020056459739288,
        0.09369588614228645,
        0.1042984678837847
      ],
      [
        0.756920725387328,
        0.10200497514693432,
        0.14107429946573763
      ],
      [
        0.8033970084100107,
        0.06785544177651082,
        0.1287475498134785
      ],
      [
        0.7214000381793904,
        0.10945991868060143,
        0.16914004314000836
      ],
      [
        0.7910422460466364,
        0.08348943073480544,
        0.12546832321855814
      ],
      [
        0.6553790717204908,
        0.1874585676474681,
        0.1571623606320411
      ],
      [
        0.6692809969792257,
